tt15541286	cast	nm12991329
tt15541286	cast	nm12991328
tt15541286	cast	nm12991327
tt15541286	cast	nm7233565
tt15541286	cast	nm1764900
tt15541286	directors	nm5963911
tt15541286	writers	nm12991327
tt15541286	producers	nm5963911
tt15541286	cinematographers	nm5963911
tt15541412	cast	nm11930516
tt15541412	cast	nm4091002
tt15541412	cast	nm5177930
tt15541412	cast	nm4606785
tt15541412	directors	nm12991376
tt15541412	producers	nm12991376
tt15541412	producers	nm5873164
tt15541412	producers	nm4606785
tt15541412	editors	nm7609456
tt15541412	production_companies	co0837474
tt15541412	distributors	co0837474
tt15541430	cast	nm0836137
tt15541430	cast	nm7423243
tt15541430	cast	nm0959096
tt15541430	cast	nm0695835
tt15541430	cast	nm0236640
tt15541430	directors	nm2363086
tt15541430	writers	nm2363086
tt15541430	composers	nm3594138
tt15541502	writers	nm3578681
tt15541502	producers	nm2698312
tt15541502	producers	nm3737104
tt15541502	producers	nm0853131
tt15541502	producers	nm0017878
tt15541502	set_decorators	nm0677026
tt15541502	production_companies	co0064880
tt15541502	production_companies	co0803916
tt15541502	production_companies	co0024285
tt15541502	production_companies	co0412427
tt15541632	cast	nm12991562
tt15541632	cast	nm12991563
tt15541632	cast	nm12991564
tt15541632	cast	nm12991565
tt15541632	cast	nm12991566
tt15541632	directors	nm12330168
tt15541632	producers	nm12991572
tt15541632	cinematographers	nm12754555
tt15541654	directors	nm4059874
tt15541654	writers	nm4059874
tt15541654	writers	nm5012014
tt15541654	producers	nm1415447
tt15541654	producers	nm1600888
tt15541654	production_companies	co0184653
tt15541654	production_companies	co0492448
tt15541740	directors	nm0506551
tt15541740	writers	nm0506551
tt15541740	producers	nm1600888
tt15541740	producers	nm2856250
tt15541740	production_companies	co0344508
tt15541740	production_companies	co0492448
tt15541806	cast	nm2217770
tt15541806	cast	nm0035018
tt15541806	cast	nm11327041
tt15541806	cast	nm12374999
tt15541806	cast	nm11596161
tt15541806	directors	nm12991667
tt15541806	directors	nm9081384
tt15541806	producers	nm12991668
tt15541806	composers	nm9350384
tt15541806	cinematographers	nm12991669
tt15541806	editors	nm6442094
tt15541856	cast	nm12991700
tt15541856	cast	nm12991701
tt15541856	directors	nm0871074
tt15541856	writers	nm12991701
tt15541856	writers	nm0871074
tt15541856	producers	nm12991703
tt15541856	producers	nm12991702
tt15541856	composers	nm12991700
tt15541856	cinematographers	nm0871074
tt15541856	editors	nm0871074
tt15541856	sound_department	nm1779564
tt15541856	production_companies	co0883984
tt15541856	production_companies	co0883983
tt15541860	cast	nm8368659
tt15541866	cast	nm12991706
tt15541866	cast	nm7360521
tt15541866	cast	nm12991707
tt15541866	cast	nm8773860
tt15541866	cast	nm6808971
tt15541866	directors	nm12991705
tt15541866	writers	nm12991708
tt15541866	composers	nm8103502
tt15541866	composers	nm7949706
tt15541866	composers	nm12956256
tt15541866	composers	nm6619849
tt15541866	composers	nm12556239
tt15541866	cinematographers	nm12107281
tt15541866	editors	nm8369413
tt15542026	directors	nm4499090
tt15542026	directors	nm0170030
tt15542026	directors	nm2017988
tt15542026	writers	nm2017988
tt15542026	writers	nm12991852
tt15542026	producers	nm4499090
tt15542026	editors	nm3400578
tt15542026	sound_department	nm3902810
tt15542026	production_companies	co0778569
tt15542026	distributors	co0778569
tt15542142	cast	nm0008127
tt15542142	cast	nm0011964
tt15542142	cast	nm0255554
tt15542142	cast	nm0754908
tt15542142	cast	nm0765168
tt15543038	cast	nm5018493
tt15543038	cast	nm5869349
tt15543038	directors	nm5018493
tt15543038	writers	nm5018493
tt15543038	producers	nm3802848
tt15543038	producers	nm5869349
tt15543038	producers	nm5018493
tt15543038	casting_directors	nm5018493
tt15543038	costume_departmen	nm5018493
tt15543038	production_companies	co0404770
tt15543236	cast	nm12992133
tt15543236	directors	nm12545483
tt15543236	producers	nm12545483
tt15543236	cinematographers	nm12545483
tt15543236	distributors	co0336835
tt15543412	cast	nm1096087
tt15543412	cast	nm1527812
tt15543412	cast	nm0828735
tt15543412	directors	nm0277467
tt15543412	production_companies	co0243110
tt15543412	distributors	co0243110
tt1554414	cast	nm1950086
tt1554414	cast	nm2728054
tt1554414	cast	nm0376720
tt1554414	cast	nm1541272
tt1554414	cast	nm1079976
tt1554414	directors	nm0046750
tt1554414	writers	nm2728054
tt1554414	writers	nm0046750
tt1554414	writers	nm0046750
tt1554414	producers	nm0046750
tt1554414	producers	nm0318201
tt1554414	producers	nm1541272
tt1554414	producers	nm2827787
tt1554414	composers	nm2728054
tt1554414	composers	nm0680272
tt1554414	composers	nm0999134
tt1554414	cinematographers	nm0777491
tt1554414	editors	nm0622857
tt1554414	editorial_department	nm1652946
tt1554414	production_designers	nm1639516
tt1554414	production_designers	nm2791073
tt1554414	costume_designers	nm1772288
tt1554414	sound_department	nm2544317
tt1554414	sound_department	nm2948872
tt1554414	camera_department	nm2316186
tt1554414	camera_department	nm2827787
tt1554414	music_department	nm7293390
tt1554414	distributors	co0092769
tt1554414	distributors	co0092769
tt1554423	cast	nm2522433
tt1554423	cast	nm3433260
tt1554423	cast	nm2521089
tt1554423	cast	nm2514280
tt1554423	directors	nm2515286
tt1554423	writers	nm2515286
tt1554423	producers	nm2523342
tt1554423	producers	nm3003592
tt1554423	producers	nm3434632
tt1554423	producers	nm2835354
tt1554423	producers	nm2520461
tt1554423	cinematographers	nm2515623
tt1554423	editors	nm1680365
tt1554423	editors	nm2179007
tt1554423	editors	nm2523413
tt1554423	casting_directors	nm2523068
tt1554423	casting_directors	nm3493909
tt1554423	casting_directors	nm2788845
tt1554423	production_designers	nm2522119
tt1554423	production_companies	co0198624
tt1554423	distributors	co0198624
tt1554426	cast	nm0147834
tt1554426	cast	nm0143338
tt1554426	cast	nm0728373
tt1554426	cast	nm0968570
tt1554426	cast	nm0956249
tt1554426	directors	nm0818915
tt1554426	writers	nm1194321
tt1554426	writers	nm1145183
tt1554426	writers	nm2516777
tt1554426	producers	nm4745247
tt1554426	producers	nm1511405
tt1554426	producers	nm1894387
tt1554426	producers	nm0138721
tt1554426	producers	nm1145183
tt1554426	composers	nm1900944
tt1554426	cinematographers	nm1095205
tt1554426	editors	nm0664154
tt1554426	editorial_department	nm0009688
tt1554426	editorial_department	nm5499689
tt1554426	casting_directors	nm2582295
tt1554426	production_designers	nm1145537
tt1554426	costume_designers	nm1350477
tt1554426	production_managers	nm4868427
tt1554426	assistant_directors	nm1145183
tt1554426	assistant_directors	nm0692738
tt1554426	sound_department	nm4447660
tt1554426	sound_department	nm1393766
tt1554426	sound_department	nm1886034
tt1554426	sound_department	nm2116315
tt1554426	special_effects	nm2459758
tt1554426	special_effects	nm2665327
tt1554426	special_effects	nm2657762
tt1554426	visual_effects	nm5499689
tt1554426	visual_effects	nm8624092
tt1554426	visual_effects	nm3809159
tt1554426	camera_department	nm2515060
tt1554426	camera_department	nm1396075
tt1554426	camera_department	nm4448206
tt1554426	camera_department	nm1948142
tt1554426	camera_department	nm1883171
tt1554426	music_department	nm1145183
tt1554426	music_department	nm4190812
tt1554426	production_companies	co0314743
tt1554426	production_companies	co0290648
tt1554426	production_companies	co0356719
tt1554426	production_companies	co0064529
tt1554426	production_companies	co0127726
tt1554426	distributors	co0286456
tt1554426	distributors	co0108097
tt1554426	distributors	co0209560
tt1554426	distributors	co0292909
tt1554426	distributors	co0000125
tt1554429	directors	nm1712396
tt1554429	producers	nm1135682
tt1554429	producers	nm1925550
tt1554429	editors	nm0200417
tt1554429	sound_department	nm0416156
tt1554430	directors	nm3708770
tt1554430	writers	nm3708770
tt1554430	producers	nm3708770
tt1554430	producers	nm1672928
tt1554430	composers	nm1672928
tt1554430	cinematographers	nm3708770
tt1554430	editors	nm3708770
tt1554430	editors	nm1380689
tt1554430	editorial_department	nm4660375
tt1554430	sound_department	nm3164218
tt1554435	cast	nm0766177
tt1554435	cast	nm1936317
tt1554435	cast	nm2381170
tt1554435	cast	nm2641646
tt1554435	cast	nm3734582
tt1554435	directors	nm2117700
tt1554435	writers	nm2117700
tt1554435	producers	nm2563178
tt1554435	producers	nm2117700
tt1554435	cinematographers	nm2112915
tt1554435	sound_department	nm2023520
tt1554435	camera_department	nm1920974
tt1554435	camera_department	nm3301966
tt1554435	production_companies	co0291049
tt15544528	directors	nm3090796
tt15544528	producers	nm3783046
tt15544528	producers	nm3090796
tt15544528	cinematographers	nm3783046
tt15544528	cinematographers	nm8593229
tt15544528	production_companies	co0883713
tt15544528	distributors	co0883712
tt15544550	cast	nm11368529
tt15544550	cast	nm9476154
tt15544550	cast	nm1313571
tt15544550	cast	nm12850281
tt15544550	cast	nm13010367
tt15544550	directors	nm2128201
tt15544550	writers	nm9463017
tt15544550	producers	nm13003460
tt15544550	producers	nm9463017
tt15544550	producers	nm12992452
tt15544550	composers	nm9462339
tt15544550	cinematographers	nm12505355
tt15544550	cinematographers	nm12992453
tt15544550	editorial_department	nm3798981
tt15544550	make_up_department	nm12538607
tt15544550	sound_department	nm10834753
tt15544550	camera_department	nm12850299
tt15544550	production_companies	co0676307
tt15544550	distributors	co0871793
tt15544554	cast	nm3328699
tt15544554	cast	nm5128073
tt15544554	cast	nm3631107
tt15544554	cast	nm0919909
tt15544554	directors	nm7983408
tt15544554	writers	nm7983408
tt15544562	cast	nm0000925
tt15544562	cast	nm0001290
tt15544562	cast	nm0001291
tt15544562	cast	nm0513520
tt15544562	cast	nm0525921
tt15544562	directors	nm2061884
tt15544562	producers	nm0186964
tt15544562	composers	nm12992457
tt15544562	production_companies	co0167857
tt15544562	distributors	co0114710
tt1554456	cast	nm0000152
tt1554456	directors	nm0386892
tt1554456	writers	nm0386892
tt1554456	cinematographers	nm3555738
tt1554456	cinematographers	nm3700439
tt1554456	cinematographers	nm2289088
tt1554456	editors	nm0386892
tt1554456	editorial_department	nm1451665
tt1554456	production_companies	co0290611
tt1554484	cast	nm3708094
tt1554484	directors	nm3707919
tt1554484	writers	nm3707919
tt1554484	producers	nm0010984
tt1554484	producers	nm3707919
tt1554484	sound_department	nm1881048
tt1554484	camera_department	nm3271022
tt1554495	cast	nm0331600
tt1554495	directors	nm0166809
tt1554495	producers	nm0166809
tt1554495	producers	nm3700305
tt1554495	producers	nm0420870
tt1554495	producers	nm2415809
tt1554495	cinematographers	nm0392929
tt1554495	cinematographers	nm1266267
tt1554495	editors	nm1287371
tt1554495	editorial_department	nm2920810
tt1554495	editorial_department	nm1287371
tt1554495	editorial_department	nm1692258
tt1554495	editorial_department	nm3890852
tt1554495	art_department	nm3879437
tt1554495	art_department	nm2976379
tt1554495	sound_department	nm2794832
tt1554495	sound_department	nm0322448
tt1554495	sound_department	nm2883242
tt1554495	sound_department	nm0642194
tt1554495	sound_department	nm1134045
tt1554495	camera_department	nm2815160
tt1554495	camera_department	nm0166809
tt1554495	camera_department	nm2465252
tt1554495	camera_department	nm2462649
tt1554495	camera_department	nm1858830
tt1554495	music_department	nm0166809
tt1554495	music_department	nm3700305
tt1554496	directors	nm0174908
tt1554496	producers	nm0174908
tt1554496	editors	nm3080174
tt1554496	editors	nm0917750
tt1554496	production_companies	co0291222
tt1554496	distributors	co0158822
tt1554496	distributors	co0291222
tt1554501	cast	nm3707758
tt1554501	cast	nm3707347
tt1554501	cast	nm3707489
tt1554501	cast	nm3700291
tt1554501	cast	nm3707473
tt1554501	directors	nm1013670
tt1554501	writers	nm1013670
tt1554501	producers	nm1013670
tt1554501	composers	nm3707486
tt1554501	cinematographers	nm3708391
tt1554501	cinematographers	nm3700291
tt1554501	cinematographers	nm3707461
tt1554501	editors	nm3700291
tt1554501	production_companies	co0290851
tt1554508	cast	nm3450000
tt1554508	cast	nm3879037
tt1554508	cast	nm3878722
tt1554508	cast	nm3708508
tt1554508	cast	nm3889429
tt1554508	directors	nm3708508
tt1554508	writers	nm3708508
tt1554508	producers	nm3708508
tt1554508	cinematographers	nm3708508
tt1554508	editors	nm3708508
tt1554508	make_up_department	nm3890937
tt1554508	sound_department	nm3708508
tt1554508	costume_departmen	nm3890937
tt1554508	location_management	nm3708508
tt1554508	script_department	nm3708508
tt15545090	cast	nm12992535
tt15545090	cast	nm12992538
tt15545090	cast	nm12992536
tt15545090	cast	nm12992537
tt15545090	cast	nm12992539
tt15545090	directors	nm12992535
tt15545090	writers	nm12992535
tt15545090	producers	nm12992535
tt15545090	producers	nm12992540
tt15545090	composers	nm12992541
tt15545090	cinematographers	nm12992540
tt15545090	production_companies	co0884018
tt15545104	cast	nm1167030
tt15545104	cast	nm4577809
tt15545104	cast	nm0195120
tt15545104	cast	nm5824783
tt15545104	cast	nm0900376
tt15545104	directors	nm0286196
tt15545104	writers	nm12992492
tt15545104	composers	nm2847809
tt15545104	composers	nm10433955
tt15545104	production_companies	co0624655
tt15545148	cast	nm12992529
tt15545148	cast	nm0734368
tt15545148	cast	nm0894063
tt15545148	cast	nm0517034
tt15545148	cast	nm2112460
tt15545148	directors	nm1294496
tt15545148	production_companies	co0088473
tt1554514	cast	nm3700345
tt1554514	cast	nm4058657
tt1554514	cast	nm2381429
tt1554514	cast	nm0594910
tt1554514	cast	nm2948960
tt1554514	directors	nm0917220
tt1554514	writers	nm3700292
tt1554514	producers	nm3700292
tt1554514	composers	nm2004109
tt1554514	editorial_department	nm5373749
tt1554514	sound_department	nm1129172
tt1554514	sound_department	nm1989413
tt1554514	music_department	nm0628779
tt1554514	music_department	nm7228345
tt1554514	production_companies	co0342112
tt1554514	production_companies	co0290612
tt1554514	production_companies	co0658314
tt1554514	production_companies	co0156833
tt1554514	distributors	co0061162
tt1554514	distributors	co0159509
tt15545168	cast	nm12992609
tt15545168	cast	nm12992610
tt15545168	cast	nm2511621
tt15545168	cast	nm0634778
tt15545168	cast	nm3405745
tt15545168	directors	nm3405643
tt15545168	writers	nm3405643
tt15545168	writers	nm10211172
tt15545168	producers	nm1996599
tt15545168	composers	nm12992612
tt15545168	cinematographers	nm3447105
tt15545168	art_directors	nm12992613
tt15545168	sound_department	nm12992614
tt15545168	production_companies	co0884020
tt1554518	cast	nm3736302
tt1554518	cast	nm3715595
tt1554518	cast	nm0108362
tt1554518	cast	nm0263287
tt1554518	cast	nm2744118
tt1554518	directors	nm1955420
tt1554518	writers	nm3736302
tt1554518	producers	nm1955420
tt1554518	producers	nm3715595
tt1554518	producers	nm2744118
tt1554518	producers	nm3736302
tt1554518	cinematographers	nm3529587
tt1554518	editors	nm3715595
tt1554518	editorial_department	nm3373098
tt1554518	editorial_department	nm3143025
tt1554518	editorial_department	nm0659374
tt1554518	assistant_directors	nm3727865
tt1554518	sound_department	nm4075260
tt1554518	sound_department	nm2355152
tt1554518	script_department	nm1384702
tt1554518	production_companies	co0291042
tt1554519	directors	nm0122089
tt1554519	producers	nm0122089
tt1554519	cinematographers	nm0122089
tt1554519	editors	nm0122089
tt1554519	production_companies	co0332500
tt1554519	distributors	co0017395
tt1554519	distributors	co0290941
tt1554519	distributors	co0290941
tt1554522	cast	nm0945131
tt1554522	cast	nm0766233
tt1554522	cast	nm3142576
tt1554522	cast	nm0945443
tt1554522	cast	nm0793053
tt1554522	directors	nm0837521
tt1554522	writers	nm0407474
tt1554522	writers	nm3330974
tt1554522	writers	nm0849099
tt1554522	producers	nm6724880
tt1554522	producers	nm3972321
tt1554522	producers	nm2097733
tt1554522	producers	nm5488384
tt1554522	producers	nm3077616
tt1554522	composers	nm0435413
tt1554522	cinematographers	nm0619114
tt1554522	editors	nm0651482
tt1554522	editorial_department	nm6724403
tt1554522	editorial_department	nm5336697
tt1554522	editorial_department	nm6724400
tt1554522	editorial_department	nm6724401
tt1554522	editorial_department	nm6724402
tt1554522	art_directors	nm1629033
tt1554522	art_directors	nm0632805
tt1554522	set_decorators	nm6724413
tt1554522	costume_designers	nm0475904
tt1554522	make_up_department	nm6724404
tt1554522	make_up_department	nm6724405
tt1554522	make_up_department	nm6724406
tt1554522	make_up_department	nm6316433
tt1554522	make_up_department	nm6724409
tt1554522	production_managers	nm1568448
tt1554522	production_managers	nm0434393
tt1554522	production_managers	nm6724883
tt1554522	production_managers	nm6724882
tt1554522	production_managers	nm6724881
tt1554522	assistant_directors	nm6724376
tt1554522	assistant_directors	nm6724377
tt1554522	assistant_directors	nm6724375
tt1554522	assistant_directors	nm0644514
tt1554522	art_department	nm6724366
tt1554522	art_department	nm6724368
tt1554522	art_department	nm6724362
tt1554522	art_department	nm6724364
tt1554522	art_department	nm6724369
tt1554522	sound_department	nm5828582
tt1554522	sound_department	nm6724415
tt1554522	sound_department	nm3434252
tt1554522	sound_department	nm6724416
tt1554522	sound_department	nm6724417
tt1554522	visual_effects	nm6724884
tt1554522	visual_effects	nm6724885
tt1554522	stunts	nm1352164
tt1554522	camera_department	nm2593541
tt1554522	camera_department	nm3517316
tt1554522	camera_department	nm6724393
tt1554522	camera_department	nm6724379
tt1554522	camera_department	nm6724385
tt1554522	costume_departmen	nm6724399
tt1554522	costume_departmen	nm6724394
tt1554522	costume_departmen	nm6724398
tt1554522	costume_departmen	nm6724395
tt1554522	costume_departmen	nm6724396
tt1554522	music_department	nm6724878
tt1554522	music_department	nm6316190
tt1554522	music_department	nm6724877
tt1554522	music_department	nm6724879
tt1554522	music_department	nm2032252
tt1554522	production_companies	co0169264
tt1554522	production_companies	co0138429
tt1554522	production_companies	co0060607
tt1554522	production_companies	co0144079
tt1554522	production_companies	co0204580
tt1554522	distributors	co0002663
tt1554522	distributors	co0169823
tt15545230	cast	nm2807569
tt15545230	cast	nm1129594
tt15545230	cast	nm8390347
tt15545230	cast	nm0195120
tt15545230	cast	nm5800645
tt15545230	directors	nm0286196
tt15545230	writers	nm12992492
tt15545230	composers	nm2847809
tt15545230	composers	nm10433955
tt15545230	distributors	co0624655
tt1554523	cast	nm0508554
tt1554523	cast	nm1702381
tt1554523	cast	nm4082296
tt1554523	cast	nm3288778
tt1554523	cast	nm9575953
tt1554523	directors	nm0955443
tt1554523	writers	nm3700632
tt1554523	writers	nm2723237
tt1554523	writers	nm4461680
tt1554523	writers	nm4461717
tt1554523	producers	nm4461633
tt1554523	producers	nm0465067
tt1554523	producers	nm0961727
tt1554523	producers	nm0955411
tt1554523	composers	nm0155349
tt1554523	cinematographers	nm1618536
tt1554523	editors	nm2031948
tt1554523	editors	nm2754233
tt1554523	production_designers	nm2048134
tt1554523	art_directors	nm2048134
tt1554523	production_managers	nm9575956
tt1554523	production_managers	nm5350786
tt1554523	production_managers	nm2910057
tt1554523	production_managers	nm4708396
tt1554523	assistant_directors	nm2903756
tt1554523	assistant_directors	nm6009683
tt1554523	assistant_directors	nm9575962
tt1554523	assistant_directors	nm4708561
tt1554523	assistant_directors	nm2624565
tt1554523	sound_department	nm4171321
tt1554523	sound_department	nm0121351
tt1554523	sound_department	nm3836871
tt1554523	sound_department	nm1181404
tt1554523	sound_department	nm2688659
tt1554523	visual_effects	nm3550035
tt1554523	camera_department	nm2009908
tt1554523	script_department	nm4081462
tt1554523	production_companies	co0007355
tt1554523	production_companies	co0218651
tt1554523	production_companies	co0339902
tt1554523	production_companies	co0195577
tt1554523	distributors	co0004745
tt1554523	distributors	co0061162
tt1554523	distributors	co0252368
tt1554523	distributors	co0042496
tt1554523	distributors	co0010281
tt1554524	cast	nm3700528
tt1554524	cast	nm3438413
tt1554524	cast	nm0281153
tt1554524	cast	nm2641931
tt1554524	cast	nm3628646
tt1554524	directors	nm3700476
tt1554524	writers	nm3700476
tt1554524	producers	nm2297160
tt1554524	producers	nm3700476
tt1554524	composers	nm3781001
tt1554524	cinematographers	nm3700581
tt1554524	editors	nm3700476
tt1554524	sound_department	nm2742479
tt1554524	visual_effects	nm0925116
tt1554524	script_department	nm2352909
tt1554524	distributors	co0258301
tt15545268	producers	nm9212626
tt15545282	directors	nm12788659
tt15545282	writers	nm12788659
tt15545282	writers	nm12788659
tt15545282	producers	nm12788659
tt15545282	production_companies	co0888591
tt15545304	directors	nm10859050
tt15545304	writers	nm10859050
tt15545340	cast	nm1810095
tt15545340	cast	nm8071540
tt15545340	cast	nm1140683
tt15545340	cast	nm4825804
tt15545340	cast	nm5408919
tt15545340	directors	nm0286196
tt15545340	writers	nm12992492
tt15545340	writers	nm4105217
tt15545340	composers	nm12992653
tt15545340	composers	nm8921133
tt15545340	distributors	co0624655
tt15545368	cast	nm12508111
tt15545368	cast	nm6295609
tt15545368	cast	nm12538751
tt15545368	cast	nm7909653
tt15545368	cast	nm6867725
tt15545368	directors	nm3156825
tt15545368	writers	nm3156825
tt15545368	producers	nm7043155
tt15545368	producers	nm3156825
tt15545368	composers	nm9697186
tt15545368	cinematographers	nm3156825
tt15545368	cinematographers	nm4093986
tt15545368	editors	nm4459870
tt15545368	editors	nm3156825
tt15545368	sound_department	nm11565096
tt15545368	production_companies	co0493646
tt15545368	production_companies	co0573677
tt15545368	production_companies	co0573677
tt15545368	distributors	co0573677
tt1554536	cast	nm1985962
tt1554536	cast	nm0153576
tt1554536	cast	nm1794882
tt1554536	cast	nm2116131
tt1554536	cast	nm2763644
tt1554536	directors	nm3713536
tt1554536	writers	nm3744072
tt1554536	producers	nm3713508
tt1554536	producers	nm3713536
tt1554536	cinematographers	nm1794882
tt1554536	cinematographers	nm3714669
tt1554536	cinematographers	nm3713508
tt1554536	cinematographers	nm2786425
tt1554536	editors	nm3713536
tt1554536	distributors	co0291183
tt15545388	cast	nm0706691
tt15545388	cast	nm0007545
tt15545388	cast	nm0704549
tt15545388	cast	nm0149802
tt15545388	cast	nm9472610
tt15545388	directors	nm12992690
tt15545388	writers	nm0011978
tt15545388	producers	nm12992693
tt15545388	producers	nm12992692
tt15545388	composers	nm3016984
tt15545388	cinematographers	nm0592589
tt15545388	production_companies	co0155960
tt15545392	cast	nm7909653
tt15545392	cast	nm6867725
tt15545392	cast	nm0969244
tt15545392	cast	nm13056530
tt15545392	directors	nm3156825
tt15545392	production_companies	co0573677
tt15545392	distributors	co0573677
tt15545396	cast	nm4890580
tt15545396	cast	nm8631216
tt15545396	cast	nm9315943
tt15545396	cast	nm3595334
tt15545396	cast	nm11691588
tt15545396	directors	nm4890580
tt15545396	writers	nm4890580
tt15545396	producers	nm12992700
tt15545396	producers	nm12992701
tt15545396	producers	nm4890580
tt15545396	producers	nm8631216
tt15545396	producers	nm8401395
tt15545396	composers	nm10654455
tt15545396	cinematographers	nm5616917
tt15545396	editors	nm1531967
tt15545396	production_companies	co0884022
tt15545478	cast	nm3503745
tt15545478	cast	nm12992809
tt15545478	cast	nm12992807
tt15545478	cast	nm11524555
tt15545478	cast	nm12992810
tt15545478	directors	nm3503745
tt15545478	writers	nm3503745
tt15545478	composers	nm10525785
tt15545478	editors	nm3503745
tt1554549	cast	nm0413656
tt1554549	cast	nm0005046
tt1554549	cast	nm1981794
tt1554549	cast	nm2290733
tt1554549	cast	nm0793526
tt1554549	directors	nm1802040
tt1554549	writers	nm2411088
tt1554549	producers	nm2411088
tt1554549	producers	nm1802040
tt1554549	producers	nm0174749
tt1554549	producers	nm3860124
tt1554549	producers	nm0005046
tt1554549	cinematographers	nm1977231
tt1554549	editors	nm4073271
tt1554549	editors	nm0174749
tt1554549	editorial_department	nm4073271
tt1554549	casting_directors	nm2804960
tt1554549	costume_designers	nm1871942
tt1554549	make_up_department	nm0055912
tt1554549	make_up_department	nm1871942
tt1554549	assistant_directors	nm3345673
tt1554549	assistant_directors	nm3153786
tt1554549	assistant_directors	nm2462031
tt1554549	art_department	nm2291975
tt1554549	sound_department	nm4073271
tt1554549	visual_effects	nm4073271
tt1554549	camera_department	nm2288473
tt1554549	camera_department	nm3327107
tt1554549	music_department	nm2411088
tt1554549	music_department	nm1930572
tt1554549	production_companies	co0221571
tt1554549	production_companies	co0406689
tt1554549	production_companies	co0308212
tt1554549	production_companies	co0294346
tt1554550	cast	nm3722506
tt1554550	cast	nm3722343
tt1554550	cast	nm3721573
tt1554550	directors	nm3700647
tt1554550	directors	nm1897200
tt1554550	producers	nm3700647
tt1554550	cinematographers	nm1897200
tt1554550	editors	nm1897200
tt1554550	distributors	co0291055
tt1554554	cast	nm0130216
tt1554554	directors	nm1768487
tt1554554	producers	nm0968966
tt1554554	producers	nm0465915
tt1554554	composers	nm0130216
tt1554554	cinematographers	nm0002559
tt1554554	editors	nm0111104
tt1554554	sound_department	nm0498629
tt1554554	production_companies	co0113790
tt15545574	writers	nm10610787
tt15545574	producers	nm10610787
tt15545574	production_companies	co0642112
tt15545626	cast	nm3013596
tt15545626	cast	nm1381801
tt15545626	cast	nm0659235
tt15545626	cast	nm1603537
tt15545626	cast	nm6057764
tt15545626	directors	nm11227778
tt15545626	writers	nm12992926
tt15545626	producers	nm12992927
tt15545626	producers	nm12992929
tt15545626	producers	nm12992928
tt15545626	composers	nm10208872
tt15545626	composers	nm7094750
tt15545626	cinematographers	nm4572564
tt15545626	editors	nm12992930
tt15545626	editors	nm8127070
tt15545670	cast	nm12993022
tt15545670	cast	nm12993023
tt15545670	cast	nm12993021
tt15545670	cast	nm12993024
tt15545670	directors	nm1003270
tt15545670	writers	nm1003270
tt15545670	producers	nm1000336
tt15545670	producers	nm1003270
tt15545670	composers	nm1786028
tt15545670	cinematographers	nm1003270
tt15545670	cinematographers	nm1002085
tt15545670	editors	nm4513686
tt15545670	sound_department	nm0192616
tt15545670	production_companies	co0440888
tt15545670	distributors	co0587569
tt1554568	directors	nm3747219
tt1554568	producers	nm6597804
tt1554568	producers	nm4287705
tt1554568	producers	nm0946684
tt1554568	cinematographers	nm3747219
tt1554568	editors	nm0946684
tt1554568	production_companies	co0177208
tt15545706	cast	nm5840379
tt15545706	cast	nm12993047
tt15545706	cast	nm2540615
tt15545706	cast	nm4201086
tt15545706	cast	nm8976564
tt15545706	directors	nm2745900
tt15545706	writers	nm8976571
tt15545706	producers	nm12993047
tt15545706	composers	nm12671763
tt15545706	cinematographers	nm12993048
tt15545706	editors	nm12993049
tt15545706	editors	nm2745900
tt15545706	art_directors	nm12993050
tt15545706	make_up_department	nm12993051
tt15545706	make_up_department	nm8464511
tt15545706	production_managers	nm11276778
tt15545706	sound_department	nm12797179
tt15545706	camera_department	nm7975098
tt15545706	script_department	nm12618454
tt15545706	production_companies	co0884038
tt15545816	cast	nm12993130
tt15545816	cast	nm12993128
tt15545816	cast	nm12993126
tt15545816	cast	nm12993129
tt15545816	cast	nm12993124
tt15545816	directors	nm12993121
tt15545816	writers	nm12993132
tt15545816	composers	nm1930572
tt15545816	composers	nm12993133
tt15545816	composers	nm11349833
tt15545816	cinematographers	nm12993132
tt15545816	editors	nm12993132
tt15545874	writers	nm3331435
tt15545874	writers	nm4444576
tt15545874	producers	nm3331435
tt15546004	writers	nm8554279
tt15546004	producers	nm9967018
tt15546004	producers	nm6518216
tt15546004	producers	nm6662721
tt15546004	producers	nm4258667
tt15546004	producers	nm1851427
tt15546004	production_companies	co0341688
tt15546004	production_companies	co0806574
tt15546030	directors	nm11386204
tt15546030	producers	nm9230287
tt15546030	cinematographers	nm11386204
tt15546030	editors	nm11386204
tt15546030	editors	nm4452458
tt15546208	writers	nm11586739
tt15546208	writers	nm9038758
tt15546208	producers	nm9038758
tt15546208	production_companies	co0806574
tt15546240	cast	nm7036648
tt15546240	directors	nm8466108
tt15546240	directors	nm0908148
tt15546240	writers	nm8466108
tt15546240	producers	nm8466108
tt15546374	cast	nm1959530
tt15546374	cast	nm12993578
tt15546374	cast	nm12993577
tt15546374	cast	nm12961650
tt15546374	cast	nm6311693
tt15546374	directors	nm5309146
tt15546374	producers	nm3572743
tt15546374	production_companies	co0280964
tt15546378	writers	nm12603649
tt15546378	producers	nm9038758
tt15546378	production_companies	co0806574
tt15546534	cast	nm6009072
tt15546534	cast	nm1463697
tt15546534	cast	nm5667034
tt15546534	cast	nm2280504
tt15546534	cast	nm0410025
tt15546534	directors	nm6009072
tt15546534	writers	nm6009072
tt15546534	producers	nm12995711
tt15546534	producers	nm6009072
tt15546534	producers	nm12995712
tt15546534	producers	nm12995401
tt15546534	composers	nm8219479
tt15546534	cinematographers	nm1108332
tt15546534	editors	nm12993702
tt15546534	set_decorators	nm1964427
tt15546534	make_up_department	nm8389323
tt15546534	assistant_directors	nm4256900
tt15546534	visual_effects	nm10990536
tt15546534	visual_effects	nm12993702
tt15546534	stunts	nm13057534
tt15546534	music_department	nm1854597
tt15546534	production_companies	co0884058
tt15546556	cast	nm0648846
tt15546556	cast	nm11133258
tt15546556	cast	nm5072509
tt15546556	directors	nm5072509
tt15546556	writers	nm5072509
tt15546556	producers	nm5072509
tt15546556	producers	nm0535933
tt15546556	producers	nm10621641
tt15546556	camera_department	nm8599751
tt15546556	production_companies	co0884059
tt15546568	writers	nm5551927
tt15546568	producers	nm9038758
tt15546568	producers	nm5551927
tt15546568	production_companies	co0806574
tt15546604	cast	nm4941985
tt15546604	cast	nm0375990
tt15546604	cast	nm3048472
tt15546604	cast	nm6249359
tt15546604	directors	nm1671974
tt15546604	writers	nm6707505
tt15546604	production_companies	co0185226
tt15546604	distributors	co0185226
tt15546642	cast	nm4848288
tt15546642	cast	nm9882285
tt15546642	cast	nm8979567
tt15546642	cast	nm4318517
tt15546642	cast	nm12993784
tt15546642	directors	nm11096903
tt15546642	writers	nm12993785
tt15546642	distributors	co0202446
tt15546702	directors	nm8181013
tt15546702	writers	nm8181013
tt15546702	producers	nm8181013
tt15546702	cinematographers	nm8181013
tt15546702	production_companies	co0658982
tt15546750	cast	nm11662879
tt15546750	cast	nm9346025
tt15546750	cast	nm9963387
tt15546750	cast	nm12993844
tt15546750	cast	nm12993845
tt15546750	directors	nm7887143
tt15546750	writers	nm7887143
tt15546750	producers	nm6402500
tt15546750	producers	nm7887143
tt15546750	producers	nm3913204
tt15546750	cinematographers	nm7887143
tt15546750	editors	nm7887143
tt15546750	production_designers	nm9963387
tt15546750	sound_department	nm12994593
tt15546750	sound_department	nm7365340
tt15546750	sound_department	nm10505768
tt15546750	sound_department	nm9965090
tt15546750	sound_department	nm12994592
tt15546750	camera_department	nm12994588
tt15546750	camera_department	nm4038129
tt15546750	camera_department	nm12994587
tt15546750	camera_department	nm12994590
tt15546750	camera_department	nm12994586
tt15546750	production_companies	co0705435
tt15546750	production_companies	co0399949
tt15546752	writers	nm7559754
tt15546772	writers	nm7559754
tt15546772	producers	nm8048537
tt15546780	writers	nm7559754
tt15546822	cast	nm2068971
tt15546822	cast	nm1368581
tt15546822	directors	nm4987280
tt15546822	writers	nm4987280
tt15546822	producers	nm8624198
tt15546822	producers	nm8547542
tt15546822	production_companies	co0574965
tt15546844	directors	nm0945520
tt15546844	writers	nm0945520
tt15546844	writers	nm0945520
tt15546844	producers	nm6928339
tt15546844	producers	nm5015422
tt15546844	producers	nm0945520
tt15546844	editors	nm0945520
tt15546844	production_managers	nm12321977
tt15546844	production_managers	nm2911716
tt15546844	sound_department	nm1226180
tt15546844	visual_effects	nm0945520
tt15546844	production_companies	co0221469
tt15546844	production_companies	co0378342
tt15546860	directors	nm10713809
tt15546860	writers	nm8631318
tt15546860	editors	nm3525879
tt15546860	production_companies	co0884068
tt15546872	directors	nm1326535
tt15546872	writers	nm1326535
tt15546872	producers	nm4109270
tt15546872	production_companies	co0069661
tt15546888	directors	nm1957070
tt15546888	writers	nm12993973
tt15546888	producers	nm6587300
tt15546888	production_companies	co0486689
tt15546892	directors	nm0542498
tt15546892	writers	nm0542498
tt15546892	producers	nm12096693
tt15546892	producers	nm12993988
tt15546892	producers	nm7447165
tt15546892	producers	nm5969138
tt15546892	producers	nm12620043
tt15546892	production_companies	co0728594
tt15546892	production_companies	co0832714
tt15546914	cast	nm9119702
tt15546914	directors	nm12993993
tt15547190	producers	nm13249699
tt15547190	producers	nm5706371
tt15547190	visual_effects	nm12819359
tt15547190	location_management	nm5969220
tt15547190	script_department	nm5706371
tt15547190	production_companies	co0868248
tt15547232	cast	nm0960065
tt15547232	cast	nm0156266
tt15547232	cast	nm0198661
tt15547232	cast	nm0349053
tt15547232	cast	nm0593668
tt15547232	directors	nm1120019
tt15547232	writers	nm1120019
tt15547232	writers	nm0960065
tt15547232	producers	nm1120019
tt15547232	producers	nm0960065
tt15547232	production_companies	co0884084
tt15547232	distributors	co0884084
tt15547258	cast	nm1913625
tt15547258	cast	nm9818808
tt15547258	cast	nm0611435
tt15547258	cast	nm3393633
tt15547258	directors	nm9263470
tt15547258	writers	nm10649890
tt15547258	writers	nm9263470
tt15547258	producers	nm1913625
tt15547296	cast	nm1659141
tt15547296	producers	nm2346035
tt15547296	production_companies	co0840873
tt15547316	cast	nm1659141
tt15547316	directors	nm1893457
tt15547316	producers	nm9211079
tt15547316	producers	nm12550790
tt15547316	producers	nm9211080
tt15547316	production_companies	co0539469
tt15547328	cast	nm10869704
tt15547328	directors	nm10869704
tt15547328	writers	nm10869704
tt15547328	producers	nm3342464
tt15547328	producers	nm3344486
tt15547328	producers	nm3342685
tt15547328	production_companies	co0297673
tt15547334	writers	nm6077040
tt15547334	producers	nm6077040
tt15547334	producers	nm6063360
tt15547334	production_companies	co0880100
tt15547334	production_companies	co0778865
tt15547628	directors	nm8452111
tt15547628	composers	nm12994454
tt15547628	editors	nm8452111
tt15547628	editorial_department	nm10147398
tt15547628	sound_department	nm11235427
tt15547628	distributors	co0068577
tt15547676	cast	nm10423123
tt15547676	cast	nm9573023
tt15547676	cast	nm7191692
tt15547676	cast	nm4107800
tt15547676	cast	nm12994462
tt15547676	directors	nm7435903
tt15547676	writers	nm7435903
tt15547676	producers	nm7435903
tt15547676	composers	nm5521775
tt15547676	cinematographers	nm12994463
tt15547676	cinematographers	nm7435903
tt15547676	editors	nm7435903
tt15547676	editors	nm9573024
tt15547676	assistant_directors	nm9573024
tt15547676	production_companies	co0683086
tt15547676	distributors	co0683086
tt15547740	cast	nm12994478
tt15547740	cast	nm12994479
tt15547740	cast	nm12994480
tt15547740	cast	nm3358585
tt15547740	cast	nm12994477
tt15547740	directors	nm12994476
tt15547740	writers	nm12994481
tt15547740	writers	nm12994482
tt15547740	writers	nm12994483
tt15547740	producers	nm12994482
tt15547740	composers	nm12994484
tt15547740	composers	nm12994486
tt15547740	composers	nm12994485
tt15547740	cinematographers	nm5645695
tt15547740	editors	nm10798779
tt15547740	editorial_department	nm2935767
tt15547740	art_directors	nm10508783
tt15547740	make_up_department	nm12663231
tt15547740	make_up_department	nm3523377
tt15547740	sound_department	nm8925909
tt15547780	directors	nm4438734
tt15547780	directors	nm2238745
tt15547780	directors	nm8777030
tt15547780	editors	nm4438734
tt15547780	editors	nm2238745
tt15547780	editors	nm8777030
tt15547780	production_companies	co0004678
tt15547780	distributors	co0004678
tt15547806	directors	nm0155940
tt15547806	writers	nm0484475
tt15547806	producers	nm3175083
tt15547806	producers	nm2378356
tt15547806	production_companies	co0408085
tt15547806	distributors	co0200181
tt15547866	writers	nm12993173
tt15547882	cast	nm0004626
tt15547882	cast	nm1659141
tt15547882	directors	nm9227039
tt15547882	writers	nm9227039
tt15547882	producers	nm1024685
tt15547882	production_companies	co0722400
tt15547890	cast	nm2724020
tt15547890	cast	nm6785657
tt15547890	cast	nm10365111
tt15547890	cast	nm10141567
tt15547890	cast	nm9611037
tt15547890	directors	nm11424394
tt15547890	writers	nm11424394
tt15547890	writers	nm10141567
tt15547896	cast	nm13049108
tt15547896	cast	nm4593934
tt15547896	cast	nm13216353
tt15547896	cast	nm9294481
tt15547896	cast	nm9839093
tt15547896	writers	nm13049108
tt15547896	composers	nm5402251
tt15547896	editors	nm13049108
tt15547896	art_department	nm13049128
tt15547896	music_department	nm5402251
tt15547896	music_department	nm12365749
tt15547924	cast	nm3289187
tt15547924	cast	nm0094724
tt15547924	cast	nm2626820
tt15547924	cast	nm0944333
tt15547924	directors	nm0770018
tt15547924	writers	nm0770018
tt15547924	producers	nm0037665
tt15547924	producers	nm4065813
tt15547924	producers	nm4832847
tt15547924	cinematographers	nm4520332
tt15547924	casting_directors	nm1164743
tt15547924	production_designers	nm1160798
tt15547924	art_directors	nm4918795
tt15547924	costume_designers	nm1955651
tt15547924	costume_designers	nm0349210
tt15547924	make_up_department	nm1082115
tt15547924	make_up_department	nm0618420
tt15547924	production_managers	nm4619182
tt15547924	production_managers	nm2770161
tt15547924	assistant_directors	nm0032157
tt15547924	assistant_directors	nm9881623
tt15547924	sound_department	nm1411062
tt15547924	sound_department	nm5985335
tt15547924	camera_department	nm4760565
tt15547924	camera_department	nm6800080
tt15547924	camera_department	nm1115459
tt15547924	costume_departmen	nm7654162
tt15547924	music_department	nm1499772
tt15547924	script_department	nm2799977
tt15547924	transportation_department	nm3248709
tt15547924	production_companies	co0531986
tt15547924	production_companies	co0429123
tt15547924	production_companies	co0287329
tt15547998	cast	nm0621937
tt15547998	directors	nm12994673
tt15547998	directors	nm12994674
tt15547998	producers	nm12994675
tt15547998	composers	nm12994676
tt15547998	cinematographers	nm12994678
tt15547998	cinematographers	nm12994675
tt15547998	cinematographers	nm12994677
tt15547998	editors	nm11849089
tt15547998	editors	nm12211470
tt15547998	editors	nm11813025
tt15547998	production_companies	co0884097
tt15547998	distributors	co0878136
tt15548032	directors	nm1801574
tt15548032	writers	nm1801574
tt15548032	producers	nm2460996
tt15548032	producers	nm4532920
tt15548032	cinematographers	nm0278440
tt15548032	casting_directors	nm3175036
tt15548032	production_managers	nm10268311
tt15548032	production_managers	nm5716811
tt15548032	sound_department	nm4202741
tt15548032	sound_department	nm9388913
tt15548032	sound_department	nm2619396
tt15548032	sound_department	nm9373314
tt15548032	sound_department	nm1093648
tt15548032	visual_effects	nm2754055
tt15548032	stunts	nm0146456
tt15548032	script_department	nm0327062
tt15548032	production_companies	co0570946
tt15548074	cast	nm12520550
tt15548074	cast	nm11774228
tt15548074	cast	nm8554985
tt15548074	cast	nm9148604
tt15548074	cast	nm0761415
tt15548074	directors	nm0761415
tt15548074	writers	nm0761415
tt15548074	producers	nm0761415
tt15548074	composers	nm0761415
tt15548074	cinematographers	nm10366564
tt15548074	production_companies	co0654359
tt15548074	distributors	co0713171
tt15548078	make_up_department	nm9869786
tt15548088	cast	nm11407900
tt15548088	cast	nm10853538
tt15548088	cast	nm11078361
tt15548088	cast	nm11661373
tt15548088	cast	nm12994770
tt15548088	directors	nm10028854
tt15548088	writers	nm10028854
tt15548088	producers	nm10028852
tt15548088	producers	nm10028854
tt15548088	composers	nm11291587
tt15548088	cinematographers	nm10028854
tt15548088	cinematographers	nm12994773
tt15548088	editors	nm10028854
tt15548088	assistant_directors	nm12994911
tt15548088	assistant_directors	nm12994912
tt15548088	assistant_directors	nm12994773
tt15548088	sound_department	nm12994911
tt15548088	visual_effects	nm5750646
tt15548088	production_companies	co0884098
tt15548102	cast	nm2646955
tt15548102	cast	nm6172080
tt15548102	cast	nm8356731
tt15548102	cast	nm3940344
tt15548102	cast	nm0806182
tt15548102	directors	nm1500666
tt15548102	writers	nm12994798
tt15548102	writers	nm6680060
tt15548102	producers	nm0065567
tt15548102	producers	nm12994798
tt15548102	production_companies	co0884099
tt15548108	cast	nm2012363
tt15548108	cast	nm5987847
tt15548108	cast	nm10356064
tt15548108	cast	nm1216802
tt15548108	cast	nm1381033
tt15548108	directors	nm12994802
tt15548146	cast	nm5018538
tt15548146	cast	nm13071112
tt15548146	cast	nm12994828
tt15548146	cast	nm3954495
tt15548146	cast	nm9880462
tt15548146	directors	nm2745900
tt15548146	writers	nm8976571
tt15548146	producers	nm12993047
tt15548146	producers	nm2745900
tt15548146	composers	nm12671763
tt15548146	cinematographers	nm10147297
tt15548146	editors	nm12375694
tt15548146	editors	nm2745900
tt15548146	editorial_department	nm12994833
tt15548146	art_directors	nm12478839
tt15548146	make_up_department	nm8464511
tt15548146	assistant_directors	nm12651925
tt15548146	sound_department	nm12994834
tt15548146	sound_department	nm12807619
tt15548146	camera_department	nm12994830
tt15548146	camera_department	nm12994829
tt15548146	costume_departmen	nm12994831
tt15548146	costume_departmen	nm12994832
tt15548146	costume_departmen	nm10658590
tt15548146	script_department	nm12651925
tt15548146	production_companies	co0884038
tt15548230	cast	nm4847354
tt15548230	cast	nm0618036
tt15548230	cast	nm8732197
tt15548230	cast	nm0651263
tt15548230	cast	nm8876534
tt15548230	directors	nm4055784
tt15548230	writers	nm4055784
tt15548230	writers	nm12842167
tt15548230	writers	nm7542804
tt15548230	writers	nm9681011
tt15548230	producers	nm0181585
tt15548230	producers	nm4590731
tt15548230	producers	nm12842168
tt15548230	cinematographers	nm3275437
tt15548230	editors	nm12934218
tt15548230	art_department	nm9681011
tt15548340	cast	nm12995075
tt15548340	cast	nm12995074
tt15548340	directors	nm12995073
tt15548340	writers	nm12995073
tt15548340	producers	nm12995073
tt15548340	distributors	co0884107
tt15548354	cast	nm8135195
tt15548354	cast	nm0090283
tt15548354	cast	nm0415538
tt15548354	directors	nm6725309
tt15548388	cast	nm1269875
tt15548388	cast	nm5531311
tt15548388	cast	nm1682769
tt15548388	cast	nm10956912
tt15548388	cast	nm10792493
tt15548388	directors	nm12995129
tt15548388	composers	nm11688947
tt15548388	cinematographers	nm12023771
tt15548404	cast	nm12995135
tt15548404	cast	nm12995136
tt15548404	directors	nm12995129
tt15548404	writers	nm12995137
tt15548404	producers	nm12995138
tt15548404	production_companies	co0884111
tt15548416	cast	nm1269875
tt15548416	cast	nm2496992
tt15548416	cast	nm0838520
tt15548416	cast	nm1748588
tt15548416	cast	nm11327884
tt15548416	directors	nm8223770
tt15548416	producers	nm13070861
tt15548416	editors	nm8174450
tt15548424	cast	nm5999355
tt15548424	cast	nm8349839
tt15548424	cast	nm5307044
tt15548424	cast	nm7737419
tt15548424	cast	nm9681735
tt15548424	directors	nm12995150
tt15548424	writers	nm12995150
tt15548424	producers	nm12676928
tt15548424	composers	nm0407076
tt15548424	composers	nm9327502
tt15548424	composers	nm7917730
tt15548424	composers	nm2725528
tt15548424	cinematographers	nm10534137
tt15548424	editors	nm1095780
tt15548424	editors	nm0324412
tt15548424	editorial_department	nm0781756
tt15548424	editorial_department	nm13014842
tt15548424	casting_directors	nm0419605
tt15548424	casting_directors	nm2180202
tt15548424	art_directors	nm2862296
tt15548424	art_directors	nm0137528
tt15548424	costume_designers	nm5474665
tt15548424	costume_designers	nm1162958
tt15548424	make_up_department	nm0380219
tt15548424	make_up_department	nm10702460
tt15548424	production_managers	nm12631072
tt15548424	production_managers	nm2533976
tt15548424	assistant_directors	nm3943537
tt15548424	assistant_directors	nm3849234
tt15548424	assistant_directors	nm9913565
tt15548424	art_department	nm8099744
tt15548424	art_department	nm13014840
tt15548424	art_department	nm0680775
tt15548424	art_department	nm11193820
tt15548424	sound_department	nm11564682
tt15548424	sound_department	nm7689428
tt15548424	sound_department	nm10279077
tt15548424	sound_department	nm6213879
tt15548424	visual_effects	nm5009625
tt15548424	visual_effects	nm2318710
tt15548424	visual_effects	nm13004600
tt15548424	visual_effects	nm9591868
tt15548424	camera_department	nm5334153
tt15548424	camera_department	nm3048573
tt15548424	camera_department	nm5334084
tt15548424	casting_department	nm2681193
tt15548424	casting_department	nm9913575
tt15548424	costume_departmen	nm13014841
tt15548424	costume_departmen	nm13004599
tt15548424	location_management	nm1021680
tt15548424	music_department	nm7917730
tt15548424	music_department	nm3044376
tt15548424	script_department	nm9913569
tt15548424	production_companies	co0865985
tt15548522	cast	nm7509507
tt15548522	cast	nm0013108
tt15548522	cast	nm13183070
tt15548522	cast	nm0021201
tt15548522	cast	nm0041082
tt15548522	directors	nm11967774
tt15548522	writers	nm11967774
tt15548522	writers	nm11967837
tt15548522	composers	nm11965482
tt15548522	composers	nm11965345
tt15548522	composers	nm13195320
tt15548522	editors	nm11967774
tt15548522	production_companies	co0884010
tt15548528	cast	nm12251572
tt15548528	cast	nm10466608
tt15548528	cast	nm12995203
tt15548528	cast	nm12995204
tt15548528	cast	nm12995205
tt15548528	directors	nm12995202
tt15548528	writers	nm10951298
tt15548528	producers	nm12251572
tt15548528	composers	nm12995206
tt15548528	cinematographers	nm8278253
tt15548528	editors	nm12441863
tt15548528	production_companies	co0884114
tt15548666	directors	nm2886050
tt15548666	writers	nm2886050
tt15548666	writers	nm0909865
tt15548824	cast	nm10368641
tt15548824	cast	nm10846378
tt15548824	cast	nm9720423
tt15548886	cast	nm9837128
tt15548886	cast	nm0409779
tt15548886	cast	nm0451272
tt15548886	cast	nm1199508
tt15548886	cast	nm1028114
tt15548886	directors	nm11227778
tt15548886	writers	nm11037470
tt15548886	producers	nm12992929
tt15548886	producers	nm12995426
tt15548886	producers	nm12995425
tt15548886	cinematographers	nm4572564
tt15548914	cast	nm12995437
tt15548914	cast	nm9257380
tt15548914	cast	nm12995438
tt15548914	cast	nm12995440
tt15548914	cast	nm12995441
tt15548914	directors	nm9257380
tt15548914	writers	nm9257380
tt15548914	writers	nm12995437
tt15548914	producers	nm12995455
tt15548914	producers	nm12995454
tt15548914	producers	nm12995456
tt15548914	producers	nm12995451
tt15548914	producers	nm12995453
tt15548914	cinematographers	nm2234384
tt15548914	cinematographers	nm12995458
tt15548914	editors	nm9257380
tt15548914	costume_designers	nm1115101
tt15548914	costume_designers	nm12995437
tt15548914	make_up_department	nm12995437
tt15548914	sound_department	nm9257380
tt15548914	sound_department	nm12995458
tt15548914	camera_department	nm12995459
tt15548914	production_companies	co0884123
tt1554917	directors	nm2449601
tt1554917	writers	nm2449601
tt1554917	producers	nm2449601
tt1554917	cinematographers	nm2449601
tt1554917	editors	nm2449601
tt1554921	cast	nm0289656
tt1554921	cast	nm3733763
tt1554921	cast	nm1705083
tt1554921	cast	nm0540585
tt1554921	cast	nm1787364
tt1554921	directors	nm2351920
tt1554921	writers	nm4621545
tt1554921	writers	nm2351920
tt1554921	writers	nm2374886
tt1554921	producers	nm4561534
tt1554921	producers	nm4561306
tt1554921	producers	nm4143062
tt1554921	producers	nm4790517
tt1554921	producers	nm4491586
tt1554921	composers	nm2378288
tt1554921	composers	nm2197377
tt1554921	composers	nm4703584
tt1554921	cinematographers	nm3559722
tt1554921	editors	nm2351920
tt1554921	editorial_department	nm2108586
tt1554921	editorial_department	nm1838272
tt1554921	casting_directors	nm0450431
tt1554921	production_designers	nm4723457
tt1554921	art_directors	nm3608127
tt1554921	costume_designers	nm9647526
tt1554921	make_up_department	nm4703748
tt1554921	make_up_department	nm4266075
tt1554921	make_up_department	nm4703772
tt1554921	make_up_department	nm3773055
tt1554921	production_managers	nm4879329
tt1554921	production_managers	nm4350584
tt1554921	production_managers	nm4561306
tt1554921	assistant_directors	nm4561534
tt1554921	assistant_directors	nm4177328
tt1554921	assistant_directors	nm4514343
tt1554921	assistant_directors	nm2374886
tt1554921	art_department	nm4667496
tt1554921	art_department	nm4879380
tt1554921	sound_department	nm4144024
tt1554921	sound_department	nm2409104
tt1554921	sound_department	nm4879325
tt1554921	special_effects	nm0706345
tt1554921	special_effects	nm1245646
tt1554921	special_effects	nm4512566
tt1554921	special_effects	nm4516033
tt1554921	special_effects	nm1931063
tt1554921	visual_effects	nm5538791
tt1554921	stunts	nm0202701
tt1554921	stunts	nm11687355
tt1554921	stunts	nm6336174
tt1554921	stunts	nm0548837
tt1554921	stunts	nm6819379
tt1554921	camera_department	nm1902541
tt1554921	camera_department	nm3524690
tt1554921	camera_department	nm4553136
tt1554921	camera_department	nm4879358
tt1554921	camera_department	nm4686018
tt1554921	costume_departmen	nm4703647
tt1554921	costume_departmen	nm9647526
tt1554921	costume_departmen	nm4554206
tt1554921	costume_departmen	nm2355821
tt1554921	location_management	nm4879318
tt1554921	music_department	nm3675689
tt1554921	music_department	nm4186135
tt1554921	music_department	nm6120467
tt1554921	music_department	nm4244696
tt1554921	music_department	nm4220511
tt1554921	script_department	nm4879383
tt1554921	production_companies	co0350589
tt1554921	production_companies	co0506517
tt1554921	distributors	co0534411
tt1554921	distributors	co0166527
tt1554921	distributors	co0022792
tt1554921	distributors	co0531327
tt1554921	distributors	co0426998
tt1554924	cast	nm1063256
tt1554924	cast	nm1366909
tt1554924	cast	nm0332283
tt1554924	cast	nm0437799
tt1554924	cast	nm2777273
tt1554924	directors	nm0407235
tt1554924	directors	nm2614004
tt1554924	writers	nm0407235
tt1554924	producers	nm2683389
tt1554924	cinematographers	nm1257730
tt1554924	editors	nm0592186
tt1554924	editors	nm5303359
tt1554924	sound_department	nm1928838
tt1554924	camera_department	nm2073660
tt1554924	production_companies	co0290726
tt1554924	distributors	co0245671
tt1554927	cast	nm0244709
tt1554927	writers	nm0312796
tt1554927	producers	nm0244709
tt1554927	production_companies	co0192382
tt1554929	cast	nm6554495
tt1554929	cast	nm7317111
tt1554929	cast	nm1146292
tt1554929	cast	nm0524494
tt1554929	cast	nm0226619
tt1554929	directors	nm0821620
tt1554929	writers	nm0821620
tt1554929	writers	nm1001232
tt1554929	writers	nm0408101
tt1554929	producers	nm1891430
tt1554929	producers	nm0408101
tt1554929	producers	nm0524494
tt1554929	producers	nm0821620
tt1554929	producers	nm0905820
tt1554929	composers	nm1090883
tt1554929	cinematographers	nm0345116
tt1554929	editors	nm4458049
tt1554929	editorial_department	nm0016975
tt1554929	editorial_department	nm0152728
tt1554929	editorial_department	nm0182922
tt1554929	editorial_department	nm0369479
tt1554929	editorial_department	nm1473587
tt1554929	casting_directors	nm1723562
tt1554929	production_designers	nm1557946
tt1554929	costume_designers	nm1037395
tt1554929	make_up_department	nm2115835
tt1554929	production_managers	nm4983183
tt1554929	production_managers	nm3245815
tt1554929	assistant_directors	nm2999197
tt1554929	assistant_directors	nm5015989
tt1554929	sound_department	nm0117522
tt1554929	sound_department	nm1072309
tt1554929	sound_department	nm1308710
tt1554929	sound_department	nm3561413
tt1554929	sound_department	nm2694223
tt1554929	special_effects	co0000932
tt1554929	special_effects	co0000932
tt1554929	special_effects	co0000932
tt1554929	special_effects	co0000932
tt1554929	special_effects	co0000932
tt1554929	visual_effects	nm2167603
tt1554929	visual_effects	nm2159881
tt1554929	visual_effects	nm2166412
tt1554929	visual_effects	nm1951540
tt1554929	visual_effects	nm1956828
tt1554929	stunts	nm1202357
tt1554929	stunts	nm0194128
tt1554929	camera_department	nm3596307
tt1554929	camera_department	nm0217158
tt1554929	camera_department	nm1962147
tt1554929	camera_department	nm3969498
tt1554929	camera_department	nm0901742
tt1554929	location_management	nm3804797
tt1554929	script_department	nm3936574
tt1554929	production_companies	co0290967
tt1554929	production_companies	co0321579
tt1554929	production_companies	co0424038
tt1554929	production_companies	co0174795
tt1554929	production_companies	co0291419
tt1554929	distributors	co0239048
tt1554929	distributors	co0403189
tt1554929	distributors	co0081831
tt1554929	distributors	co0236896
tt1554931	cast	nm0244709
tt1554931	writers	nm0244709
tt1554931	producers	nm0244709
tt1554931	production_companies	co0192382
tt1554935	directors	nm3715448
tt1554935	writers	nm3715448
tt1554935	producers	nm3715594
tt1554935	producers	nm3715448
tt1554935	composers	nm0138839
tt1554935	editors	nm1538756
tt1554935	distributors	co0182268
tt1554938	cast	nm0703558
tt1554938	cast	nm0944702
tt1554938	directors	nm1150121
tt1554938	writers	nm1150121
tt1554938	producers	nm3714418
tt1554938	producers	nm1150121
tt1554938	producers	nm3381565
tt1554938	cinematographers	nm1150121
tt1554938	editors	nm1691247
tt1554938	editors	nm1877896
tt1554938	camera_department	nm2519456
tt1554944	directors	nm3336676
tt1554944	producers	nm3714490
tt1554944	producers	nm3336676
tt1554944	producers	nm3715477
tt1554944	cinematographers	nm4223786
tt1554944	cinematographers	nm4223888
tt1554944	editors	nm3336676
tt1554944	sound_department	nm4223207
tt1554944	sound_department	nm4223441
tt1554944	sound_department	nm3715477
tt1554944	sound_department	nm3337634
tt1554944	camera_department	nm3714490
tt1554944	camera_department	nm4224580
tt1554944	camera_department	nm4224609
tt1554944	camera_department	nm4223478
tt1554944	camera_department	nm1654078
tt1554946	cast	nm3702146
tt1554946	cast	nm4676165
tt1554946	cast	nm5843796
tt1554946	cast	nm3716702
tt1554946	cast	nm3717240
tt1554946	directors	nm3702220
tt1554946	directors	nm3702467
tt1554946	writers	nm3702220
tt1554946	writers	nm3702467
tt1554946	producers	nm3702146
tt1554946	producers	nm3718433
tt1554946	producers	nm3718059
tt1554946	composers	nm3702648
tt1554946	editorial_department	nm4676165
tt1554946	special_effects	nm3718433
tt1554946	casting_department	nm4676165
tt1554949	cast	nm3718198
tt1554949	cast	nm3718647
tt1554949	directors	nm3718198
tt1554949	producers	nm3718647
tt1554949	cinematographers	nm3718198
tt1554949	editors	nm3718198
tt1554950	cast	nm3561514
tt1554950	cast	nm3556902
tt1554950	cast	nm3234826
tt1554950	cast	nm3737898
tt1554950	cast	nm3737168
tt1554950	directors	nm3225709
tt1554950	writers	nm3273770
tt1554950	writers	nm3225709
tt1554950	writers	nm3561514
tt1554950	producers	nm3226836
tt1554950	producers	nm3561514
tt1554950	cinematographers	nm3225709
tt1554950	editors	nm3225709
tt1554950	production_designers	nm3561371
tt1554950	costume_designers	nm3561371
tt1554950	music_department	nm3736697
tt1554950	music_department	nm3707220
tt1554950	production_companies	co0280239
tt1554958	cast	nm3715624
tt1554958	cast	nm0450714
tt1554958	cast	nm2533657
tt1554958	cast	nm0456130
tt1554958	cast	nm3758249
tt1554958	directors	nm3148059
tt1554958	writers	nm3148059
tt1554958	producers	nm0192053
tt1554958	producers	nm3148059
tt1554958	producers	nm2934032
tt1554958	composers	nm3555383
tt1554958	cinematographers	nm0053039
tt1554958	editors	nm1119474
tt1554958	editorial_department	nm3241360
tt1554958	casting_directors	nm3871770
tt1554958	production_designers	nm3304446
tt1554958	make_up_department	nm1465051
tt1554958	production_managers	nm2582651
tt1554958	assistant_directors	nm1126505
tt1554958	sound_department	nm1317562
tt1554958	sound_department	nm3343983
tt1554958	camera_department	nm1380055
tt1554958	camera_department	nm3379596
tt1554958	camera_department	nm3485967
tt1554958	camera_department	nm0669226
tt1554958	camera_department	nm0925324
tt1554958	casting_department	nm1037230
tt1554958	script_department	nm3943350
tt1554958	script_department	nm1011780
tt1554958	production_companies	co0232045
tt15549602	cast	nm12995595
tt15549602	cast	nm10385267
tt15549602	directors	nm4636486
tt15549602	writers	nm4636486
tt15549602	producers	nm8202241
tt15549602	producers	nm11522007
tt15549602	producers	nm12995595
tt15549602	producers	nm4636486
tt15549602	producers	nm1940450
tt15549602	cinematographers	nm5424646
tt15549602	production_companies	co0884158
tt15549602	production_companies	co0349306
tt1554965	cast	nm3494689
tt1554965	cast	nm0731183
tt1554965	cast	nm3713069
tt1554965	cast	nm0731243
tt1554965	directors	nm3714337
tt1554965	producers	nm3702244
tt1554965	producers	nm3713069
tt1554965	producers	nm3714337
tt1554965	assistant_directors	nm3714069
tt1554965	production_companies	co0290706
tt1554965	distributors	co0291302
tt1554968	cast	nm1828174
tt1554968	cast	nm2666845
tt1554968	cast	nm3414421
tt1554968	cast	nm3736589
tt1554968	cast	nm3118186
tt1554968	directors	nm2782929
tt1554968	writers	nm2782929
tt1554968	producers	nm2782929
tt1554968	composers	nm2828201
tt1554968	cinematographers	nm2782929
tt1554968	editors	nm2782929
tt1554968	production_companies	co0134266
tt1554970	cast	nm3390465
tt1554970	cast	nm0620325
tt1554970	cast	nm0875244
tt1554970	cast	nm2937110
tt1554970	cast	nm0756917
tt1554970	directors	nm0023859
tt1554970	writers	nm0023859
tt1554970	writers	nm1024275
tt1554970	writers	nm0023859
tt1554970	producers	nm0370681
tt1554970	producers	nm2465440
tt1554970	producers	nm3966008
tt1554970	producers	nm2009465
tt1554970	producers	nm1907654
tt1554970	composers	nm2665255
tt1554970	composers	nm5085815
tt1554970	special_effects	co0216273
tt1554970	stunts	nm2943930
tt1554970	stunts	nm3397702
tt1554970	stunts	nm0386411
tt1554970	production_companies	co0032110
tt1554970	distributors	co0224881
tt1554970	distributors	co0032110
tt1554977	cast	nm2725757
tt1554977	cast	nm0002101
tt1554977	cast	nm4784481
tt1554977	cast	nm4784413
tt1554977	cast	nm4784480
tt1554977	directors	nm2196789
tt1554977	directors	nm2271129
tt1554977	writers	nm4463414
tt1554977	writers	nm2271129
tt1554977	producers	nm2250534
tt1554977	producers	nm2196789
tt1554977	producers	nm4463414
tt1554977	editors	nm3713569
tt1554977	production_managers	nm1360049
tt1554977	sound_department	nm2698512
tt1554977	camera_department	nm2254353
tt1554977	production_companies	co0172768
tt1554977	distributors	co0271973
tt1554980	directors	nm3702664
tt1554980	producers	nm3702664
tt1554980	editors	nm3702664
tt1554987	directors	nm0138359
tt1554987	writers	nm0138359
tt1554987	producers	nm1943902
tt1554987	producers	nm0462455
tt1554987	cinematographers	nm3717199
tt1554987	editors	nm1442511
tt1554987	sound_department	nm2490154
tt1554987	distributors	co0142199
tt1554994	cast	nm3717690
tt1554994	cast	nm3717788
tt1554994	cast	nm3718668
tt1554994	cast	nm2891584
tt1554994	cast	nm3718275
tt1554994	directors	nm1494024
tt1554994	directors	nm2832191
tt1554994	directors	nm3662132
tt1554994	writers	nm1494024
tt1554994	writers	nm2832191
tt1554994	writers	nm3662132
tt1554994	producers	nm1494024
tt1554994	producers	nm2832191
tt1554994	producers	nm3662132
tt1554994	composers	nm3717972
tt1554994	cinematographers	nm3662132
tt1554994	editors	nm1494024
tt1554994	editorial_department	nm1494024
tt15549982	cast	nm5018538
tt15549982	cast	nm9944587
tt15549982	cast	nm12489018
tt15549982	cast	nm12995638
tt15549982	cast	nm8631697
tt15549982	directors	nm9596831
tt15549982	writers	nm9792940
tt15549982	writers	nm11980181
tt15549982	producers	nm9792940
tt15549982	producers	nm2594402
tt15549982	composers	nm12995639
tt15549982	composers	nm11705584
tt15549982	cinematographers	nm10147297
tt15549982	editors	nm11471159
tt15549982	make_up_department	nm13077911
tt15549982	make_up_department	nm13228860
tt15549982	production_managers	nm9940287
tt15549982	sound_department	nm13219843
tt15549982	sound_department	nm6236662
tt15549982	camera_department	nm10139373
tt15549982	camera_department	nm13228859
tt15549982	camera_department	nm11471159
tt15549982	camera_department	nm11817307
tt15549982	costume_departmen	nm10658590
tt15549982	script_department	nm12651925
tt15549982	production_companies	co0695964
tt15549982	production_companies	co0648705
tt1555006	cast	nm0233109
tt1555006	cast	nm0956479
tt1555006	cast	nm0439725
tt1555006	cast	nm0638976
tt1555006	cast	nm0467374
tt1555006	directors	nm0752316
tt1555006	writers	nm1136382
tt1555006	writers	nm0752316
tt1555006	writers	nm0822321
tt1555006	producers	nm0525769
tt1555006	composers	nm0994148
tt1555006	cinematographers	nm0055139
tt1555006	editors	nm0841339
tt1555006	production_designers	nm0553315
tt1555006	production_managers	nm1768978
tt1555006	art_department	nm0097013
tt1555006	distributors	co0054418
tt1555024	cast	nm0496932
tt1555024	cast	nm1454896
tt1555024	cast	nm1048201
tt1555024	cast	nm3721584
tt1555024	cast	nm0432550
tt1555024	directors	nm2153361
tt1555024	directors	nm0946092
tt1555024	writers	nm4808082
tt1555024	writers	nm4810754
tt1555024	writers	nm2372173
tt1555024	producers	nm1045686
tt1555024	special_effects	co0301639
tt1555024	special_effects	co0305426
tt1555024	visual_effects	nm6917906
tt1555024	stunts	nm1473668
tt1555024	production_companies	co0038778
tt1555024	distributors	co0133928
tt1555024	distributors	co0290753
tt1555024	distributors	co0275328
tt1555024	distributors	co0275328
tt1555024	distributors	co0363197
tt15550324	cast	nm4177192
tt15550324	cast	nm8802963
tt15550324	cast	nm1256891
tt15550324	cast	nm12995751
tt15550324	cast	nm12995752
tt15550324	directors	nm8405448
tt15550324	writers	nm12995753
tt15550324	writers	nm12995753
tt15550324	producers	nm12995756
tt15550324	producers	nm12995757
tt15550324	producers	nm12995755
tt15550324	producers	nm12995753
tt15550324	producers	nm12995754
tt15550324	composers	nm3761498
tt15550324	cinematographers	nm8294127
tt15550324	editors	nm2515379
tt15550324	art_directors	nm10100800
tt15550324	make_up_department	nm7241712
tt15550324	production_managers	nm12995760
tt15550324	production_managers	nm12995759
tt15550324	sound_department	nm3761498
tt15550324	sound_department	nm6657946
tt15550324	costume_departmen	nm12995758
tt15550324	production_companies	co0884133
tt15550324	production_companies	co0884134
tt1555039	cast	nm2861279
tt1555039	directors	nm2227738
tt1555039	producers	nm1802286
tt1555039	cinematographers	nm3900881
tt1555039	assistant_directors	nm1802286
tt1555039	production_companies	co0603434
tt15550420	cast	nm0327041
tt15550420	cast	nm1837701
tt15550420	cast	nm6016510
tt15550420	cast	nm2909355
tt15550420	directors	nm9651693
tt15550420	writers	nm9651693
tt15550420	producers	nm9651693
tt15550420	producers	nm11395463
tt15550420	production_companies	co0687747
tt1555049	cast	nm3714128
tt1555049	cast	nm3702225
tt1555049	cast	nm3714695
tt1555049	cast	nm3702320
tt1555049	directors	nm3654142
tt1555049	writers	nm3715232
tt1555049	writers	nm3654142
tt1555049	producers	nm3654142
tt1555049	cinematographers	nm3713297
tt1555049	editors	nm3713297
tt1555056	cast	nm3717669
tt1555056	directors	nm2418005
tt1555056	producers	nm2418005
tt1555056	producers	nm2758965
tt1555056	cinematographers	nm1283091
tt1555056	editors	nm2758965
tt1555056	editorial_department	nm2353913
tt1555056	production_managers	nm0458543
tt1555056	art_department	nm2353913
tt1555056	sound_department	nm0288354
tt1555056	sound_department	nm0725172
tt1555056	camera_department	nm3269653
tt1555056	production_companies	co0251863
tt1555056	distributors	co0018594
tt1555056	distributors	co0002318
tt1555056	distributors	co0251863
tt1555058	cast	nm0911719
tt1555058	cast	nm0711058
tt1555058	cast	nm0233027
tt1555058	cast	nm0041744
tt1555058	cast	nm0001340
tt1555058	directors	nm0233027
tt1555058	writers	nm0233027
tt1555058	producers	nm2817223
tt1555058	producers	nm3872017
tt1555058	producers	nm1067860
tt1555058	producers	nm0286851
tt1555058	producers	nm0322903
tt1555058	composers	nm1789667
tt1555058	cinematographers	nm1312760
tt1555058	editors	nm0692182
tt1555058	editorial_department	nm1454327
tt1555058	editorial_department	nm2457055
tt1555058	editorial_department	nm0281701
tt1555058	editorial_department	nm0373323
tt1555058	editorial_department	nm3596680
tt1555058	production_designers	nm0181759
tt1555058	art_directors	nm1286295
tt1555058	set_decorators	nm0124967
tt1555058	costume_designers	nm1805634
tt1555058	make_up_department	nm1282347
tt1555058	make_up_department	nm2145820
tt1555058	make_up_department	nm2655539
tt1555058	production_managers	nm0286851
tt1555058	production_managers	nm1672443
tt1555058	production_managers	nm1507361
tt1555058	assistant_directors	nm0353278
tt1555058	assistant_directors	nm0441749
tt1555058	art_department	nm3607267
tt1555058	art_department	nm3871733
tt1555058	art_department	nm0929688
tt1555058	sound_department	nm0254255
tt1555058	sound_department	nm3171253
tt1555058	sound_department	nm0083834
tt1555058	sound_department	nm0948565
tt1555058	visual_effects	nm1514715
tt1555058	camera_department	nm0008085
tt1555058	camera_department	nm0023607
tt1555058	camera_department	nm3592564
tt1555058	camera_department	nm1397449
tt1555058	camera_department	nm2574183
tt1555058	casting_department	nm0005623
tt1555058	casting_department	nm0993053
tt1555058	costume_departmen	nm1968605
tt1555058	costume_departmen	nm2145790
tt1555058	location_management	nm2497847
tt1555058	location_management	nm4231423
tt1555058	location_management	nm1507361
tt1555058	music_department	nm0081676
tt1555058	music_department	nm3356541
tt1555058	music_department	nm2648589
tt1555058	script_department	nm0284341
tt1555058	transportation_department	nm0713185
tt1555058	production_companies	co0290699
tt1555058	production_companies	co0017713
tt1555058	distributors	co0051618
tt1555058	distributors	co0186498
tt1555058	distributors	co0379646
tt1555058	distributors	co0163474
tt1555058	distributors	co0230162
tt1555062	cast	nm2778230
tt1555062	cast	nm2651268
tt1555062	cast	nm3717617
tt1555062	cast	nm3423347
tt1555062	cast	nm3702223
tt1555062	directors	nm0120885
tt1555062	directors	nm1958939
tt1555062	writers	nm1958939
tt1555062	producers	nm0120885
tt1555062	producers	nm1958939
tt1555062	cinematographers	nm0120885
tt1555062	editors	nm0120885
tt1555062	art_directors	nm1958939
tt1555062	costume_designers	nm1958939
tt1555062	art_department	nm1958939
tt1555062	production_companies	co0291292
tt15550630	cast	nm2668773
tt15550630	cast	nm1577809
tt15550630	cast	nm1735854
tt15550630	cast	nm0281318
tt15550630	cast	nm2311448
tt15550630	directors	nm2784404
tt15550630	producers	nm4817524
tt15550630	producers	nm2784404
tt15550630	cinematographers	nm4817524
tt15550630	production_companies	co0772275
tt1555063	cast	nm2243113
tt1555063	cast	nm3667199
tt1555063	cast	nm3702521
tt1555063	cast	nm3669656
tt1555063	cast	nm3738063
tt1555063	directors	nm3669774
tt1555063	writers	nm3669774
tt1555063	producers	nm3669656
tt1555063	composers	nm1570555
tt1555063	cinematographers	nm3669774
tt1555063	editors	nm2057019
tt1555063	editors	nm3669774
tt1555063	art_directors	nm3706567
tt1555063	production_companies	co0290997
tt1555063	distributors	co0158822
tt1555064	cast	nm0000569
tt1555064	cast	nm0005210
tt1555064	cast	nm1330560
tt1555064	cast	nm1015262
tt1555064	cast	nm3774836
tt1555064	directors	nm0275277
tt1555064	writers	nm0275277
tt1555064	producers	nm2960238
tt1555064	producers	nm0001497
tt1555064	producers	nm0867768
tt1555064	producers	nm0952781
tt1555064	composers	nm0111649
tt1555064	cinematographers	nm0007037
tt1555064	editors	nm0514746
tt1555064	editors	nm1467577
tt1555064	editorial_department	nm0164499
tt1555064	editorial_department	nm1537725
tt1555064	editorial_department	nm2478280
tt1555064	editorial_department	nm2748788
tt1555064	editorial_department	nm0947938
tt1555064	casting_directors	nm0212858
tt1555064	casting_directors	nm0742788
tt1555064	production_designers	nm0093549
tt1555064	production_designers	nm0734678
tt1555064	production_designers	nm0930581
tt1555064	art_directors	nm0421527
tt1555064	set_decorators	nm0346719
tt1555064	costume_designers	nm2204049
tt1555064	costume_designers	nm13129219
tt1555064	make_up_department	nm1369991
tt1555064	make_up_department	nm0029055
tt1555064	make_up_department	nm0069794
tt1555064	make_up_department	nm0102139
tt1555064	make_up_department	nm1844171
tt1555064	production_managers	nm0004636
tt1555064	production_managers	nm0952781
tt1555064	assistant_directors	nm0089999
tt1555064	assistant_directors	nm0373577
tt1555064	assistant_directors	nm1415862
tt1555064	assistant_directors	nm0514626
tt1555064	assistant_directors	nm0566928
tt1555064	art_department	nm1871780
tt1555064	art_department	nm2666078
tt1555064	art_department	nm4014102
tt1555064	art_department	nm4358222
tt1555064	art_department	nm1205513
tt1555064	sound_department	nm2497454
tt1555064	sound_department	nm2616015
tt1555064	sound_department	nm0038598
tt1555064	sound_department	nm3190570
tt1555064	sound_department	nm0176910
tt1555064	special_effects	nm2361849
tt1555064	special_effects	nm3796294
tt1555064	special_effects	nm0791179
tt1555064	visual_effects	nm1944768
tt1555064	visual_effects	nm1089184
tt1555064	visual_effects	nm0104313
tt1555064	visual_effects	nm0163341
tt1555064	visual_effects	nm2260968
tt1555064	stunts	nm0318678
tt1555064	stunts	nm0703859
tt1555064	camera_department	nm0050542
tt1555064	camera_department	nm0058457
tt1555064	camera_department	nm0071872
tt1555064	camera_department	nm0116919
tt1555064	camera_department	nm0178036
tt1555064	casting_department	nm0234490
tt1555064	casting_department	nm2912634
tt1555064	casting_department	nm1212779
tt1555064	casting_department	nm2449144
tt1555064	casting_department	nm0678134
tt1555064	costume_departmen	nm1602855
tt1555064	costume_departmen	nm1799582
tt1555064	costume_departmen	nm1938177
tt1555064	costume_departmen	nm1105323
tt1555064	costume_departmen	nm1052716
tt1555064	location_management	nm0068072
tt1555064	location_management	nm0068368
tt1555064	location_management	nm2038456
tt1555064	location_management	nm0526766
tt1555064	music_department	nm0097683
tt1555064	music_department	nm1393277
tt1555064	music_department	nm5053250
tt1555064	music_department	nm3023719
tt1555064	music_department	nm1316966
tt1555064	script_department	nm0731980
tt1555064	transportation_department	nm3861612
tt1555064	transportation_department	nm1074841
tt1555064	transportation_department	nm4797959
tt1555064	transportation_department	nm5677767
tt1555064	transportation_department	nm12131568
tt1555064	production_companies	co0010568
tt1555064	production_companies	co0088587
tt1555064	production_companies	co0340831
tt1555064	production_companies	co0314256
tt1555064	distributors	co0010568
tt1555064	distributors	co0110101
tt1555064	distributors	co0110101
tt1555064	distributors	co0008693
tt1555064	distributors	co0112383
tt15550674	cast	nm12995834
tt15550674	cast	nm12995836
tt15550674	cast	nm12995835
tt15550674	directors	nm12913054
tt15550674	writers	nm12921422
tt15550674	producers	nm12913054
tt15550674	cinematographers	nm12918360
tt15550674	cinematographers	nm12915574
tt15550674	editors	nm12913054
tt15550674	special_effects	nm9985116
tt15550674	visual_effects	nm9985116
tt15550674	production_companies	co0884148
tt15550674	distributors	co0884148
tt1555069	cast	nm4166709
tt1555069	cast	nm1304635
tt1555069	cast	nm0081801
tt1555069	cast	nm2902567
tt1555069	cast	nm1296102
tt1555069	directors	nm0408101
tt1555069	writers	nm0408101
tt1555069	writers	nm0959003
tt1555069	writers	nm0821620
tt1555069	writers	nm1823355
tt1555069	producers	nm2067199
tt1555069	producers	nm0361618
tt1555069	producers	nm0408101
tt1555069	producers	nm2275435
tt1555069	producers	nm0821620
tt1555069	composers	nm0047035
tt1555069	cinematographers	nm0458430
tt1555069	editors	nm4458049
tt1555069	editorial_department	nm0016975
tt1555069	editorial_department	nm6273639
tt1555069	editorial_department	nm0152728
tt1555069	editorial_department	nm1163973
tt1555069	editorial_department	nm0369479
tt1555069	casting_directors	nm0490694
tt1555069	casting_directors	nm1723562
tt1555069	production_designers	nm0198967
tt1555069	costume_designers	nm3605761
tt1555069	make_up_department	nm4723527
tt1555069	make_up_department	nm4784183
tt1555069	make_up_department	nm0265242
tt1555069	make_up_department	nm0270892
tt1555069	make_up_department	nm2222102
tt1555069	assistant_directors	nm3819197
tt1555069	assistant_directors	nm0663052
tt1555069	assistant_directors	nm2853916
tt1555069	assistant_directors	nm0846814
tt1555069	art_department	nm4724026
tt1555069	art_department	nm1318742
tt1555069	art_department	nm3934089
tt1555069	art_department	nm4723070
tt1555069	art_department	nm2456194
tt1555069	sound_department	nm0117522
tt1555069	sound_department	nm4720308
tt1555069	sound_department	nm5562453
tt1555069	sound_department	nm1308710
tt1555069	sound_department	nm9134288
tt1555069	special_effects	co0000932
tt1555069	special_effects	co0000932
tt1555069	special_effects	co0000932
tt1555069	special_effects	co0000932
tt1555069	special_effects	co0000932
tt1555069	visual_effects	nm2167603
tt1555069	visual_effects	nm2159881
tt1555069	visual_effects	nm2154835
tt1555069	visual_effects	nm2166412
tt1555069	visual_effects	nm2172236
tt1555069	stunts	nm0051046
tt1555069	stunts	nm0077822
tt1555069	stunts	nm2864811
tt1555069	stunts	nm1314246
tt1555069	stunts	nm0508180
tt1555069	camera_department	nm0016953
tt1555069	camera_department	nm4831915
tt1555069	camera_department	nm0469722
tt1555069	camera_department	nm1305003
tt1555069	camera_department	nm0585690
tt1555069	casting_department	nm0205023
tt1555069	casting_department	nm2154115
tt1555069	casting_department	nm1110716
tt1555069	casting_department	nm4722435
tt1555069	costume_departmen	nm4723286
tt1555069	costume_departmen	nm4723744
tt1555069	costume_departmen	nm4723471
tt1555069	costume_departmen	nm4748948
tt1555069	costume_departmen	nm1304351
tt1555069	location_management	nm3135273
tt1555069	location_management	nm1928708
tt1555069	location_management	nm3711041
tt1555069	location_management	nm2648150
tt1555069	location_management	nm4722435
tt1555069	script_department	nm1619546
tt1555069	script_department	nm3468389
tt1555069	transportation_department	nm4631598
tt1555069	transportation_department	nm4723238
tt1555069	transportation_department	nm4791702
tt1555069	production_companies	co0290967
tt1555069	production_companies	co0047393
tt1555069	production_companies	co0826994
tt1555069	production_companies	co0154245
tt1555069	production_companies	co0048414
tt1555069	distributors	co0320081
tt1555069	distributors	co0378219
tt1555069	distributors	co0431182
tt1555069	distributors	co0022869
tt1555069	distributors	co0014456
tt1555071	writers	nm0622066
tt1555071	producers	nm1096041
tt1555071	producers	nm0622066
tt1555071	producers	nm3955515
tt1555071	producers	nm0915226
tt1555071	production_companies	co0273034
tt1555074	cast	nm0616091
tt1555074	cast	nm0004193
tt1555074	cast	nm1388781
tt1555074	cast	nm0997990
tt1555074	cast	nm2409641
tt1555074	directors	nm1207973
tt1555074	directors	nm0997990
tt1555074	writers	nm0456017
tt1555074	writers	nm2409641
tt1555074	writers	nm0997990
tt1555074	producers	nm0156815
tt1555074	producers	nm4043296
tt1555074	producers	nm0997280
tt1555074	producers	nm2409641
tt1555074	producers	nm0997990
tt1555074	composers	nm3045652
tt1555074	cinematographers	nm3232299
tt1555074	editors	nm0997990
tt1555074	make_up_department	nm4015501
tt1555074	make_up_department	nm1786443
tt1555074	assistant_directors	nm4122300
tt1555074	art_department	nm4709247
tt1555074	sound_department	nm4122300
tt1555074	sound_department	nm0997280
tt1555074	camera_department	nm3843890
tt1555074	camera_department	nm3232738
tt1555074	camera_department	nm4437923
tt1555074	music_department	nm0997280
tt1555074	production_companies	co0190073
tt1555074	production_companies	co0404068
tt1555074	distributors	co0228285
tt1555077	cast	nm1906091
tt1555077	cast	nm3080392
tt1555077	cast	nm3282749
tt1555077	cast	nm6223240
tt1555077	cast	nm6236198
tt1555077	directors	nm3611810
tt1555077	writers	nm3924184
tt1555077	producers	nm3611810
tt1555077	cinematographers	nm1791781
tt1555077	editors	nm3611810
tt1555077	casting_directors	nm1791781
tt1555077	casting_directors	nm3611810
tt1555077	casting_department	nm1791781
tt1555077	casting_department	nm3611810
tt1555077	script_department	nm3611810
tt1555077	production_companies	co0260964
tt1555077	distributors	co0260964
tt1555082	cast	nm3041664
tt1555082	directors	nm3043443
tt1555082	writers	nm3702370
tt1555082	composers	nm3713340
tt1555082	cinematographers	nm3714694
tt1555082	production_companies	co0240375
tt1555082	distributors	co0098276
tt1555082	distributors	co0131280
tt1555083	cast	nm0226520
tt1555083	directors	nm1784007
tt1555083	producers	nm1784007
tt1555083	composers	nm0226520
tt1555083	cinematographers	nm1784007
tt1555083	music_department	nm3238019
tt1555083	music_department	nm0226520
tt1555083	production_companies	co0291496
tt1555084	cast	nm1385871
tt1555084	cast	nm0161607
tt1555084	cast	nm2450594
tt1555084	cast	nm3510562
tt1555084	cast	nm4186702
tt1555084	directors	nm1271328
tt1555084	writers	nm1271328
tt1555084	writers	nm0480207
tt1555084	writers	nm0917934
tt1555084	producers	nm8051734
tt1555084	producers	nm4875784
tt1555084	producers	nm1193981
tt1555084	producers	nm4875626
tt1555084	producers	nm0283936
tt1555084	composers	nm0610575
tt1555084	cinematographers	nm0002187
tt1555084	cinematographers	nm0405677
tt1555084	editors	nm0217959
tt1555084	editors	nm0220496
tt1555084	editors	nm0917934
tt1555084	editorial_department	nm1765214
tt1555084	editorial_department	nm4317864
tt1555084	editorial_department	nm1451168
tt1555084	casting_directors	nm2805731
tt1555084	casting_directors	nm0869537
tt1555084	production_managers	nm4669546
tt1555084	production_managers	nm1145109
tt1555084	production_managers	nm2508607
tt1555084	production_managers	nm1194390
tt1555084	production_managers	nm1774566
tt1555084	assistant_directors	nm3912960
tt1555084	assistant_directors	nm3778912
tt1555084	assistant_directors	nm0478384
tt1555084	assistant_directors	nm1090495
tt1555084	art_department	nm1062607
tt1555084	sound_department	nm0211086
tt1555084	sound_department	nm3752567
tt1555084	sound_department	nm6033757
tt1555084	sound_department	nm0494165
tt1555084	sound_department	nm0529714
tt1555084	visual_effects	nm3030580
tt1555084	visual_effects	nm2451549
tt1555084	visual_effects	nm2307157
tt1555084	visual_effects	nm4418878
tt1555084	camera_department	nm2733079
tt1555084	camera_department	nm4784572
tt1555084	camera_department	nm1232083
tt1555084	camera_department	nm4785430
tt1555084	camera_department	nm0251548
tt1555084	music_department	nm2034370
tt1555084	script_department	nm4510313
tt1555084	production_companies	co0076118
tt1555084	production_companies	co0320263
tt1555084	production_companies	co0074765
tt1555084	production_companies	co0063732
tt1555084	production_companies	co0293350
tt1555084	distributors	co0173740
tt1555084	distributors	co0273469
tt1555084	distributors	co0273469
tt1555084	distributors	co0230609
tt1555084	distributors	co0081764
tt1555085	directors	nm2684848
tt1555085	composers	nm2684848
tt1555085	cinematographers	nm2647112
tt1555085	cinematographers	nm3702501
tt1555085	music_department	nm2684848
tt15550904	producers	nm6901998
tt15550904	production_companies	co0079109
tt15550906	cast	nm3836144
tt15550906	cast	nm0654837
tt15550906	cast	nm0359248
tt15550906	cast	nm0757104
tt15550906	cast	nm0848533
tt15550906	directors	nm0913902
tt15550906	writers	nm3782041
tt15550906	producers	nm1398807
tt15550906	composers	nm0469011
tt15550906	cinematographers	nm2204299
tt15550906	art_directors	nm3836906
tt15550906	production_managers	nm0847160
tt15550906	assistant_directors	nm12995867
tt15550906	production_companies	co0217593
tt15550906	distributors	co0217593
tt1555091	directors	nm1419056
tt1555091	writers	nm3716877
tt1555091	producers	nm1419056
tt1555091	producers	nm1421153
tt1555091	producers	nm3706742
tt1555091	producers	nm3716877
tt1555091	composers	nm3155736
tt1555091	composers	nm3155537
tt1555091	cinematographers	nm0870865
tt1555091	editors	nm1701262
tt1555091	editorial_department	nm3706656
tt1555091	editorial_department	nm2416151
tt1555091	editorial_department	nm3041644
tt1555091	make_up_department	nm2768090
tt1555091	production_managers	nm1140099
tt1555091	sound_department	nm0333884
tt1555091	sound_department	nm0344642
tt1555091	sound_department	nm2003376
tt1555091	camera_department	nm2727583
tt1555091	production_companies	co0110459
tt1555093	cast	nm1133857
tt1555093	cast	nm0675730
tt1555093	cast	nm0397721
tt1555093	cast	nm0910472
tt1555093	cast	nm0694121
tt1555093	directors	nm0404931
tt1555093	writers	nm0404931
tt1555093	writers	nm1429239
tt1555093	writers	nm0726615
tt1555093	writers	nm4906529
tt1555093	producers	nm3911885
tt1555093	producers	nm1936918
tt1555093	producers	nm5173494
tt1555093	producers	nm2040801
tt1555093	producers	nm4457933
tt1555093	composers	nm2449024
tt1555093	cinematographers	nm1743314
tt1555093	editors	nm0509902
tt1555093	editorial_department	nm3093727
tt1555093	editorial_department	nm1302892
tt1555093	editorial_department	nm4571293
tt1555093	casting_directors	nm0700927
tt1555093	production_designers	nm2202618
tt1555093	art_directors	nm3195091
tt1555093	costume_designers	nm2325776
tt1555093	make_up_department	nm4042516
tt1555093	make_up_department	nm4634839
tt1555093	make_up_department	nm4178596
tt1555093	make_up_department	nm2107667
tt1555093	production_managers	nm2764504
tt1555093	assistant_directors	nm4245634
tt1555093	assistant_directors	nm4262550
tt1555093	assistant_directors	nm3741255
tt1555093	assistant_directors	nm4185873
tt1555093	assistant_directors	nm0264527
tt1555093	art_department	nm3712433
tt1555093	art_department	nm0187097
tt1555093	art_department	nm6319264
tt1555093	art_department	nm1848879
tt1555093	art_department	nm4846340
tt1555093	sound_department	nm5251828
tt1555093	sound_department	nm4449862
tt1555093	sound_department	nm1079639
tt1555093	sound_department	nm3854267
tt1555093	sound_department	nm4035864
tt1555093	special_effects	nm4516033
tt1555093	special_effects	nm1931063
tt1555093	visual_effects	nm1874610
tt1555093	visual_effects	nm3440721
tt1555093	visual_effects	nm3975610
tt1555093	visual_effects	nm4030742
tt1555093	visual_effects	nm2556933
tt1555093	stunts	nm2019806
tt1555093	stunts	nm2178579
tt1555093	stunts	nm4054479
tt1555093	stunts	nm4721543
tt1555093	stunts	nm4245634
tt1555093	camera_department	nm3868977
tt1555093	camera_department	nm4868934
tt1555093	camera_department	nm3524690
tt1555093	camera_department	nm4686018
tt1555093	camera_department	nm0392377
tt1555093	casting_department	nm4982800
tt1555093	costume_departmen	nm2932269
tt1555093	costume_departmen	nm4754356
tt1555093	costume_departmen	nm6534636
tt1555093	costume_departmen	nm6233026
tt1555093	location_management	nm2764504
tt1555093	music_department	nm5343407
tt1555093	script_department	nm3774321
tt1555093	script_department	nm0363357
tt1555093	transportation_department	nm0606550
tt1555093	production_companies	co0103958
tt1555093	production_companies	co0307474
tt1555093	production_companies	co0371075
tt1555093	distributors	co0103958
tt1555093	distributors	co0227523
tt1555093	distributors	co0331256
tt1555093	distributors	co0151501
tt1555093	distributors	co0360111
tt1555095	cast	nm0302941
tt1555095	cast	nm2843184
tt1555095	cast	nm0346702
tt1555095	cast	nm3696642
tt1555095	cast	nm1296501
tt1555095	directors	nm2988778
tt1555095	writers	nm2990004
tt1555095	writers	nm2988778
tt1555095	producers	nm3794518
tt1555095	producers	nm2990004
tt1555095	producers	nm0006593
tt1555095	producers	nm3969190
tt1555095	producers	nm3317300
tt1555095	composers	nm3819804
tt1555095	composers	nm3427763
tt1555095	editors	nm2988778
tt1555095	editorial_department	nm3633799
tt1555095	casting_directors	nm2988778
tt1555095	production_designers	nm2990004
tt1555095	make_up_department	nm4105733
tt1555095	assistant_directors	nm0346702
tt1555095	art_department	nm4127349
tt1555095	special_effects	nm3814381
tt1555095	special_effects	nm3497657
tt1555095	special_effects	nm3811597
tt1555095	special_effects	nm6342025
tt1555095	stunts	nm3766835
tt1555095	stunts	nm0346702
tt1555095	stunts	nm2184079
tt1555095	stunts	nm2843184
tt1555095	camera_department	nm1368664
tt1555095	camera_department	nm3647041
tt1555095	camera_department	nm3789075
tt1555095	costume_departmen	nm4127021
tt1555095	music_department	nm1285088
tt1555095	production_companies	co0396065
tt1555095	production_companies	co0236380
tt1555095	production_companies	co0165490
tt1555095	distributors	co0106087
tt1555095	distributors	co0201490
tt1555096	cast	nm0244709
tt1555096	producers	nm0244709
tt1555096	production_companies	co0192382
tt15550976	cast	nm0001709
tt15550976	cast	nm1165479
tt15550976	cast	nm1177228
tt15550976	directors	nm0001709
tt15550976	writers	nm0311942
tt15550976	producers	nm0065376
tt15550976	producers	nm0698289
tt15550976	producers	nm1116647
tt15550976	production_companies	co0065798
tt15550976	production_companies	co0127588
tt1555100	cast	nm1246693
tt1555100	directors	nm1567655
tt1555100	writers	nm2145370
tt1555100	writers	nm1567655
tt1555100	producers	nm2010880
tt1555100	producers	nm1523939
tt1555100	producers	nm1346707
tt1555100	producers	nm0783205
tt1555100	composers	nm0253120
tt1555100	cinematographers	nm1567655
tt1555100	cinematographers	nm1407420
tt1555100	editors	nm1356773
tt1555100	sound_department	nm1929839
tt1555100	location_management	nm1692095
tt1555100	music_department	nm0969334
tt1555100	production_companies	co0249327
tt1555106	cast	nm3718832
tt1555106	cast	nm0716703
tt1555106	directors	nm0474351
tt1555106	writers	nm0474351
tt1555106	producers	nm0474351
tt1555106	composers	nm3718240
tt1555106	cinematographers	nm1096146
tt1555106	editors	nm0474351
tt1555106	production_designers	nm3702638
tt1555106	sound_department	nm0595589
tt1555106	sound_department	nm3718094
tt1555110	cast	nm1027286
tt1555110	cast	nm0001075
tt1555110	cast	nm0934136
tt1555110	cast	nm0794687
tt1555110	cast	nm1776131
tt1555110	directors	nm1046566
tt1555110	writers	nm1046566
tt1555110	writers	nm0794687
tt1555110	producers	nm2117311
tt1555110	producers	nm3006077
tt1555110	producers	nm3738077
tt1555110	producers	nm3140115
tt1555110	producers	nm3721905
tt1555110	composers	nm3004989
tt1555110	cinematographers	nm0489994
tt1555110	editors	nm0244780
tt1555110	casting_directors	nm3721295
tt1555110	production_designers	nm2117311
tt1555110	art_directors	nm3736991
tt1555110	costume_designers	nm1724958
tt1555110	make_up_department	nm2952642
tt1555110	production_managers	nm2721463
tt1555110	art_department	nm2744950
tt1555110	art_department	nm3734365
tt1555110	art_department	nm1474932
tt1555110	art_department	nm3762995
tt1555110	sound_department	nm0003295
tt1555110	sound_department	nm1250272
tt1555110	sound_department	nm1112800
tt1555110	special_effects	nm2952642
tt1555110	stunts	nm2210539
tt1555110	stunts	nm0421661
tt1555110	stunts	nm3756794
tt1555110	stunts	nm0571125
tt1555110	stunts	nm1330904
tt1555110	camera_department	nm3318700
tt1555110	camera_department	nm3057122
tt1555110	camera_department	nm2044772
tt1555110	camera_department	nm1049741
tt1555110	camera_department	nm3041349
tt1555110	costume_departmen	nm2365861
tt1555110	costume_departmen	nm3800032
tt1555110	transportation_department	nm3734550
tt1555110	transportation_department	nm3734470
tt1555110	transportation_department	nm3734381
tt1555110	production_companies	co0291131
tt1555110	production_companies	co0291040
tt1555110	distributors	co0189466
tt1555110	distributors	co0346730
tt1555110	distributors	co0276424
tt1555110	distributors	co0146363
tt1555110	distributors	co0021161
tt15551236	cast	nm0267946
tt15551236	cast	nm5451541
tt15551236	cast	nm0602397
tt15551236	cast	nm0623360
tt15551236	cast	nm7508394
tt15551236	directors	nm9835298
tt15551346	cast	nm0842770
tt15551346	cast	nm0334318
tt15551346	cast	nm1126657
tt15551346	directors	nm1484791
tt15551346	producers	nm1484791
tt15551346	producers	nm1718147
tt15551346	music_department	nm0003946
tt15551346	production_companies	co0404626
tt15551346	production_companies	co0159054
tt15551346	production_companies	co0464935
tt15551346	production_companies	co0623930
tt15551346	production_companies	co0725291
tt15551346	distributors	co0183821
tt15551346	distributors	co0085466
tt15551354	cast	nm0633028
tt15551354	cast	nm0881303
tt15551354	cast	nm0457498
tt15551354	cast	nm0945562
tt15551354	cast	nm0847350
tt15551354	directors	nm0906737
tt15551354	writers	nm0441543
tt15551354	producers	nm12995920
tt15551354	composers	nm0455836
tt15551354	cinematographers	nm3220299
tt15551354	editors	nm4472903
tt15551354	art_directors	nm4473533
tt15551354	assistant_directors	nm6503652
tt15551354	production_companies	co0437333
tt15551354	distributors	co0217593
tt1555136	cast	nm3713517
tt1555136	cast	nm3702275
tt1555136	cast	nm3702173
tt1555136	cast	nm3714691
tt1555136	cast	nm3702537
tt1555136	directors	nm3713585
tt1555136	producers	nm3715516
tt1555136	producers	nm3714965
tt1555136	composers	nm3713845
tt1555136	composers	nm3714219
tt1555136	cinematographers	nm3713585
tt1555136	editors	nm3713585
tt1555136	sound_department	nm3702476
tt1555136	camera_department	nm4386755
tt1555136	camera_department	nm3713585
tt1555136	camera_department	nm3702476
tt1555136	camera_department	nm0514159
tt1555136	camera_department	nm4385970
tt15551426	cast	nm2282458
tt15551426	cast	nm0925578
tt15551426	cast	nm2151806
tt15551426	cast	nm1109889
tt15551426	cast	nm5382258
tt15551426	directors	nm1968306
tt15551426	directors	nm0356924
tt15551426	writers	nm1968306
tt15551426	producers	nm4875682
tt15551426	cinematographers	nm2253042
tt15551426	editors	nm10514102
tt15551426	production_designers	nm4067865
tt15551426	stunts	nm3058632
tt15551426	casting_department	nm3897711
tt15551426	casting_department	nm4857715
tt15551426	script_department	nm12178869
tt15551426	production_companies	co0320033
tt1555149	cast	nm0609944
tt1555149	cast	nm2046691
tt1555149	cast	nm2386123
tt1555149	cast	nm1141101
tt1555149	cast	nm0722902
tt1555149	directors	nm0655683
tt1555149	writers	nm1130251
tt1555149	writers	nm1130251
tt1555149	writers	nm0655683
tt1555149	producers	nm2419944
tt1555149	producers	nm2063686
tt1555149	producers	nm12776979
tt1555149	producers	nm1130251
tt1555149	producers	nm1192473
tt1555149	composers	nm1338517
tt1555149	cinematographers	nm0142464
tt1555149	editors	nm0554108
tt1555149	editors	nm1179870
tt1555149	editorial_department	nm1370321
tt1555149	editorial_department	nm0264453
tt1555149	editorial_department	nm5393751
tt1555149	editorial_department	nm3460332
tt1555149	editorial_department	nm1006091
tt1555149	art_directors	nm3459480
tt1555149	set_decorators	nm1101206
tt1555149	costume_designers	nm0465798
tt1555149	make_up_department	nm1873690
tt1555149	make_up_department	nm4415718
tt1555149	make_up_department	nm0999565
tt1555149	make_up_department	nm4026295
tt1555149	make_up_department	nm4730225
tt1555149	production_managers	nm2855413
tt1555149	production_managers	nm2463700
tt1555149	production_managers	nm10341111
tt1555149	assistant_directors	nm0016299
tt1555149	assistant_directors	nm1862970
tt1555149	assistant_directors	nm1935946
tt1555149	assistant_directors	nm1418020
tt1555149	assistant_directors	nm3531520
tt1555149	art_department	nm0162785
tt1555149	art_department	nm2105988
tt1555149	art_department	nm5789478
tt1555149	sound_department	nm2580474
tt1555149	sound_department	nm6085195
tt1555149	sound_department	nm2891396
tt1555149	sound_department	nm1969455
tt1555149	sound_department	nm3388812
tt1555149	special_effects	nm1843310
tt1555149	special_effects	nm0224746
tt1555149	special_effects	nm3296713
tt1555149	special_effects	nm0888356
tt1555149	special_effects	nm2371976
tt1555149	visual_effects	nm3461277
tt1555149	visual_effects	nm2321921
tt1555149	visual_effects	nm2835078
tt1555149	stunts	nm2465057
tt1555149	stunts	nm0941887
tt1555149	camera_department	nm2993740
tt1555149	camera_department	nm7499025
tt1555149	camera_department	nm1247716
tt1555149	camera_department	nm0057040
tt1555149	camera_department	nm4495992
tt1555149	costume_departmen	nm2767789
tt1555149	costume_departmen	nm2007806
tt1555149	costume_departmen	nm4658680
tt1555149	costume_departmen	nm7902112
tt1555149	costume_departmen	nm8059150
tt1555149	location_management	nm1872165
tt1555149	location_management	nm4821639
tt1555149	music_department	nm1338517
tt1555149	music_department	nm0142478
tt1555149	script_department	nm3795359
tt1555149	script_department	nm1011988
tt1555149	production_companies	co0026273
tt1555149	production_companies	co0221088
tt1555149	production_companies	co0018507
tt1555149	production_companies	co0085807
tt1555149	distributors	co0291961
tt1555149	distributors	co0192297
tt1555149	distributors	co0114922
tt1555149	distributors	co0099367
tt1555149	distributors	co0298409
tt1555151	directors	nm2039918
tt1555151	writers	nm2039918
tt1555151	writers	nm1702759
tt1555151	producers	nm2039918
tt1555151	production_companies	co0311459
tt1555153	cast	nm1932507
tt1555153	cast	nm0926623
tt1555153	cast	nm3184469
tt1555153	cast	nm1827017
tt1555153	cast	nm3570472
tt1555153	directors	nm3271985
tt1555153	writers	nm3271145
tt1555153	producers	nm3702650
tt1555153	producers	nm2568813
tt1555153	producers	nm4563583
tt1555153	producers	nm3587211
tt1555153	cinematographers	nm3250428
tt1555153	editors	nm4271986
tt1555153	editors	nm3271985
tt1555153	editorial_department	nm4271986
tt1555153	production_designers	nm2662121
tt1555153	set_decorators	nm3809479
tt1555153	set_decorators	nm4563538
tt1555153	costume_designers	nm2662121
tt1555153	make_up_department	nm4427507
tt1555153	make_up_department	nm3575997
tt1555153	make_up_department	nm3704258
tt1555153	make_up_department	nm4563466
tt1555153	production_managers	nm4378587
tt1555153	production_managers	nm4378627
tt1555153	assistant_directors	nm4563457
tt1555153	assistant_directors	nm4287115
tt1555153	assistant_directors	nm4563565
tt1555153	assistant_directors	nm4563499
tt1555153	art_department	nm4563518
tt1555153	art_department	nm4435659
tt1555153	art_department	nm3704109
tt1555153	art_department	nm4024995
tt1555153	sound_department	nm4271986
tt1555153	sound_department	nm3752306
tt1555153	sound_department	nm3271547
tt1555153	sound_department	nm4017465
tt1555153	sound_department	nm4268711
tt1555153	stunts	nm3702441
tt1555153	camera_department	nm4563562
tt1555153	camera_department	nm3974359
tt1555153	camera_department	nm4563461
tt1555153	camera_department	nm3973107
tt1555153	camera_department	nm4563572
tt1555153	costume_departmen	nm4563470
tt1555153	costume_departmen	nm4563508
tt1555153	music_department	nm3702462
tt1555153	script_department	nm4563545
tt1555153	script_department	nm3766660
tt1555153	script_department	nm4150854
tt1555153	transportation_department	nm3703052
tt1555153	production_companies	co0258864
tt1555154	cast	nm3702473
tt1555154	cast	nm3612446
tt1555154	cast	nm3717686
tt1555154	cast	nm3716744
tt1555154	cast	nm3716542
tt1555154	directors	nm3702407
tt1555154	producers	nm2014847
tt1555154	producers	nm5130120
tt1555154	composers	nm1804231
tt1555154	cinematographers	nm2078977
tt1555154	editors	nm0040628
tt1555154	sound_department	nm1746250
tt1555154	camera_department	nm2847848
tt1555154	production_companies	co0290572
tt1555154	distributors	co0158822
tt1555154	distributors	co0106280
tt1555156	cast	nm0020309
tt1555156	cast	nm0261724
tt1555156	cast	nm1352774
tt1555156	cast	nm0840445
tt1555156	cast	nm3281006
tt1555156	directors	nm1380156
tt1555156	writers	nm1380156
tt1555156	producers	nm3406015
tt1555156	producers	nm2231092
tt1555156	producers	nm1311881
tt1555156	producers	nm0347342
tt1555156	producers	nm1380156
tt1555156	composers	nm1827738
tt1555156	cinematographers	nm0501234
tt1555156	editors	nm1380156
tt1555156	make_up_department	nm1972638
tt1555156	assistant_directors	nm1376640
tt1555156	sound_department	nm0680821
tt1555156	sound_department	nm3915147
tt1555156	camera_department	nm3162255
tt1555156	camera_department	nm3717242
tt1555156	camera_department	nm2686496
tt1555156	music_department	nm4017030
tt1555156	production_companies	co0098802
tt1555156	distributors	co0098802
tt1555158	directors	nm3713917
tt1555158	producers	nm3702179
tt1555158	cinematographers	nm3713917
tt1555158	editors	nm3713917
tt1555158	production_companies	co0290768
tt1555158	distributors	co0290768
tt1555159	cast	nm6029930
tt1555159	cast	nm2612230
tt1555159	cast	nm2612482
tt1555159	cast	nm0192915
tt1555159	cast	nm3448874
tt1555159	directors	nm3202052
tt1555159	writers	nm2612482
tt1555159	producers	nm3718814
tt1555159	producers	nm2612482
tt1555159	producers	nm3033587
tt1555159	producers	nm3702209
tt1555159	producers	nm3702233
tt1555159	composers	nm1859944
tt1555159	cinematographers	nm2617880
tt1555159	cinematographers	nm3202984
tt1555159	cinematographers	nm3202052
tt1555159	editors	nm2617880
tt1555159	editors	nm3202984
tt1555159	editors	nm3202052
tt1555159	art_directors	nm9310729
tt1555159	sound_department	nm1545786
tt1555159	sound_department	nm2908047
tt1555159	production_companies	co0205224
tt1555159	distributors	co0248867
tt1555159	distributors	co0311388
tt1555159	distributors	co0137851
tt1555159	distributors	co0137851
tt1555159	distributors	co0205224
tt1555165	directors	nm2310363
tt1555165	producers	nm1224269
tt1555165	cinematographers	nm0905788
tt1555165	editors	nm2310363
tt1555165	production_companies	co0197266
tt15551724	cast	nm0461136
tt15551724	cast	nm4689420
tt15551724	cast	nm2810287
tt15551724	cast	nm0177933
tt15551724	cast	nm0005273
tt15551724	directors	nm1016937
tt15551724	writers	nm1016937
tt15551724	producers	nm3943537
tt15551724	producers	nm0000729
tt15551724	producers	nm0566557
tt15551724	producers	nm3560755
tt15551724	producers	nm0000631
tt15551724	cinematographers	nm1266267
tt15551724	production_designers	nm0326090
tt15551724	art_directors	nm0186468
tt15551724	art_directors	nm2964102
tt15551724	set_decorators	nm1619139
tt15551724	costume_designers	nm0080271
tt15551724	make_up_department	nm8221002
tt15551724	make_up_department	nm5578047
tt15551724	make_up_department	nm0781651
tt15551724	art_department	nm3141984
tt15551724	art_department	nm7021397
tt15551724	art_department	nm2766346
tt15551724	art_department	nm1770628
tt15551724	art_department	nm4891234
tt15551724	visual_effects	nm5946777
tt15551724	stunts	nm0547687
tt15551724	stunts	nm1210258
tt15551724	camera_department	nm0237828
tt15551724	camera_department	nm1811140
tt15551724	camera_department	nm2494428
tt15551724	camera_department	nm0958380
tt15551724	casting_department	nm8172968
tt15551724	casting_department	nm0700831
tt15551724	costume_departmen	nm0048558
tt15551724	costume_departmen	nm8683818
tt15551724	costume_departmen	nm0567074
tt15551724	location_management	nm11040814
tt15551724	location_management	nm3084583
tt15551724	production_companies	co0781821
tt15551724	production_companies	co0297907
tt15551724	production_companies	co0785802
tt15551724	production_companies	co0259281
tt15551724	production_companies	co0002663
tt15551724	distributors	co0002663
tt15551798	directors	nm11881150
tt15551798	writers	nm11881150
tt15551798	producers	nm11881150
tt1555180	directors	nm0708351
tt1555180	producers	nm3263238
tt1555180	producers	nm1377679
tt1555180	producers	nm0661219
tt1555180	producers	nm0708351
tt1555180	producers	nm0897610
tt1555180	composers	nm0006219
tt1555180	sound_department	nm3904910
tt1555180	sound_department	nm0340103
tt1555180	music_department	nm0289512
tt1555180	music_department	nm1053748
tt1555180	music_department	nm3800814
tt1555180	transportation_department	nm11015691
tt1555180	production_companies	co0116023
tt1555180	production_companies	co0307947
tt1555180	production_companies	co0164661
tt1555180	distributors	co0136716
tt1555180	distributors	co0136716
tt1555180	distributors	co0136716
tt15551812	cast	nm12996073
tt15551812	cast	nm12996074
tt15551812	cast	nm12391214
tt15551812	cast	nm10703590
tt15551812	cast	nm12391219
tt15551812	directors	nm12577348
tt15551812	writers	nm12577348
tt15551812	assistant_directors	nm12391219
tt1555182	directors	nm1857163
tt1555182	directors	nm2026373
tt1555182	directors	nm8362580
tt1555182	writers	nm1857163
tt1555182	writers	nm2026373
tt1555182	writers	nm8362580
tt1555182	producers	nm3702649
tt1555182	producers	nm1857163
tt1555182	producers	nm3702224
tt1555182	cinematographers	nm2026373
tt1555182	editors	nm2026373
tt1555182	production_companies	co0159964
tt15551832	cast	nm1391032
tt15551832	cast	nm4289075
tt15551832	cast	nm5815769
tt15551832	cast	nm7575596
tt15551832	cast	nm1670582
tt15551832	directors	nm7812649
tt15551832	writers	nm7812649
tt15551832	producers	nm6021835
tt15551832	composers	nm1773859
tt15551832	cinematographers	nm10918969
tt15551832	editors	nm9369466
tt15551832	production_companies	co0764826
tt1555183	directors	nm0282443
tt1555183	writers	nm0282443
tt1555183	producers	nm0282443
tt1555183	editors	nm0329662
tt1555183	editorial_department	nm2771528
tt1555184	directors	nm1677030
tt1555184	producers	nm1424932
tt1555184	editors	nm1371210
tt1555184	production_companies	co0167953
tt1555184	distributors	co0013526
tt1555187	cast	nm2472291
tt1555187	cast	nm0136198
tt1555187	cast	nm1693112
tt1555187	cast	nm0947112
tt1555187	cast	nm1926896
tt1555187	directors	nm3321808
tt1555187	writers	nm0246511
tt1555187	writers	nm2472291
tt1555187	writers	nm4635054
tt1555187	producers	nm1592437
tt1555187	producers	nm2472291
tt1555187	producers	nm3816417
tt1555187	producers	nm1082480
tt1555187	cinematographers	nm1888628
tt1555187	editors	nm3321808
tt1555187	editorial_department	nm1896376
tt1555187	editorial_department	nm4627631
tt1555187	editorial_department	nm3392503
tt1555187	art_directors	nm3439913
tt1555187	art_directors	nm3501953
tt1555187	set_decorators	nm3439913
tt1555187	costume_designers	nm1901161
tt1555187	make_up_department	nm2031633
tt1555187	make_up_department	nm3403831
tt1555187	make_up_department	nm2057021
tt1555187	make_up_department	nm0246692
tt1555187	make_up_department	nm1299233
tt1555187	production_managers	nm1917325
tt1555187	production_managers	nm1376579
tt1555187	production_managers	nm2333415
tt1555187	assistant_directors	nm2756818
tt1555187	assistant_directors	nm5300304
tt1555187	assistant_directors	nm1325895
tt1555187	assistant_directors	nm4650507
tt1555187	art_department	nm1933810
tt1555187	art_department	nm3418692
tt1555187	art_department	nm0610374
tt1555187	art_department	nm1253118
tt1555187	art_department	nm4650507
tt1555187	sound_department	nm2539220
tt1555187	sound_department	nm0140674
tt1555187	sound_department	nm1872283
tt1555187	sound_department	nm0308283
tt1555187	sound_department	nm1744169
tt1555187	special_effects	nm0217501
tt1555187	special_effects	nm3957358
tt1555187	stunts	nm8002117
tt1555187	stunts	nm0306055
tt1555187	stunts	nm0686460
tt1555187	camera_department	nm0054192
tt1555187	camera_department	nm4659733
tt1555187	camera_department	nm1513099
tt1555187	camera_department	nm1888628
tt1555187	camera_department	nm2550097
tt1555187	casting_department	nm0035447
tt1555187	casting_department	nm5757018
tt1555187	costume_departmen	nm3874190
tt1555187	costume_departmen	nm4644537
tt1555187	costume_departmen	nm4642550
tt1555187	costume_departmen	nm4654882
tt1555187	costume_departmen	nm4571361
tt1555187	music_department	nm3034737
tt1555187	music_department	nm2595522
tt1555187	music_department	nm4573026
tt1555187	music_department	nm1302939
tt1555187	script_department	nm1254979
tt1555187	production_companies	co0071913
tt1555187	production_companies	co0290661
tt1555187	distributors	co0068145
tt1555188	cast	nm0208820
tt1555188	cast	nm0003003
tt1555188	cast	nm3143875
tt1555188	cast	nm1825037
tt1555188	cast	nm1727943
tt1555188	directors	nm0208820
tt1555188	directors	nm3143875
tt1555188	directors	nm3204725
tt1555188	producers	nm0208820
tt1555188	producers	nm3599174
tt1555188	producers	nm3143875
tt1555188	producers	nm3204725
tt1555188	composers	nm1086662
tt1555188	cinematographers	nm4038022
tt1555188	editors	nm3702619
tt1555188	sound_department	nm6572320
tt1555188	production_companies	co0291602
tt1555188	distributors	co0252354
tt15551908	cast	nm12996113
tt15551908	directors	nm11242290
tt15551908	writers	nm12847579
tt15551908	composers	nm11242315
tt15551908	production_companies	co0114207
tt15551946	cast	nm8915049
tt15551946	cast	nm9665626
tt15551946	cast	nm8276733
tt15551946	cast	nm9051990
tt15551946	cast	nm9617416
tt15551946	directors	nm11262579
tt15551946	writers	nm11262579
tt15551946	producers	nm11262579
tt15551946	cinematographers	nm13004568
tt15551946	sound_department	nm10661413
tt15551946	production_companies	co0565111
tt15551946	distributors	co0565111
tt1555197	directors	nm0941457
tt15551984	directors	nm11881150
tt15551984	writers	nm11881150
tt15551984	producers	nm11881150
tt15551988	cast	nm7695408
tt15551988	cast	nm5876335
tt15551988	writers	nm5876335
tt15551988	writers	nm7695408
tt15551988	producers	nm5876335
tt15551988	producers	nm7695408
tt1555198	writers	nm2106637
tt1555198	writers	nm0938471
tt1555198	producers	nm0031976
tt1555198	costume_designers	nm0340100
tt1555198	production_companies	co0073081
tt1555198	production_companies	co0005073
tt15552004	cast	nm5455249
tt15552004	cast	nm3488770
tt15552004	cast	nm3287361
tt15552004	cast	nm3221878
tt15552004	cast	nm1523478
tt15552004	directors	nm1794344
tt15552004	writers	nm3352921
tt15552004	writers	nm1318780
tt15552004	producers	nm4056655
tt15552004	producers	nm1550882
tt15552004	composers	nm3451266
tt15552004	cinematographers	nm2601957
tt15552004	editors	nm6886059
tt15552004	production_companies	co0020442
tt1555200	cast	nm3717943
tt1555200	cast	nm3702511
tt1555200	cast	nm1188701
tt1555200	cast	nm3702216
tt1555200	cast	nm3716883
tt1555200	directors	nm0463400
tt1555200	cinematographers	nm0463400
tt1555200	editors	nm0463400
tt1555200	editors	nm1633351
tt1555200	camera_department	nm3965379
tt15552026	cast	nm2336481
tt15552026	writers	nm2336481
tt15552026	producers	nm2336481
tt1555203	cast	nm0671721
tt1555203	cast	nm1344221
tt1555203	cast	nm0768633
tt1555203	cast	nm4944793
tt1555203	cast	nm4843086
tt1555203	directors	nm0718254
tt1555203	writers	nm0718254
tt1555203	producers	nm3714646
tt1555203	producers	nm1049044
tt1555203	producers	nm0718254
tt1555203	producers	nm0786149
tt1555203	producers	nm2302382
tt1555203	composers	nm2315660
tt1555203	costume_designers	nm4944853
tt1555203	make_up_department	nm5280036
tt1555203	assistant_directors	nm1049044
tt1555203	stunts	nm0046087
tt1555203	production_companies	co0871835
tt1555203	production_companies	co0110453
tt15552042	cast	nm12968569
tt15552042	cast	nm2463362
tt15552042	directors	nm2463362
tt15552042	writers	nm2463362
tt15552042	writers	nm12996200
tt15552042	producers	nm2463362
tt15552042	producers	nm12996200
tt1555209	cast	nm0642718
tt1555209	cast	nm4598668
tt1555209	cast	nm0909626
tt1555209	cast	nm0482473
tt1555209	cast	nm1575669
tt1555209	directors	nm1288939
tt1555209	writers	nm1288939
tt1555209	producers	nm0172256
tt1555209	producers	nm1393478
tt1555209	producers	nm0536822
tt1555209	producers	nm0632017
tt1555209	composers	nm2134798
tt1555209	composers	nm3172636
tt1555209	cinematographers	nm1737412
tt1555209	editors	nm0277987
tt1555209	editorial_department	nm2624757
tt1555209	editorial_department	nm2599660
tt1555209	editorial_department	nm1449717
tt1555209	editorial_department	nm2721541
tt1555209	casting_directors	nm1130532
tt1555209	production_designers	nm0642270
tt1555209	art_directors	nm1730140
tt1555209	set_decorators	nm1618630
tt1555209	costume_designers	nm2822062
tt1555209	make_up_department	nm2451431
tt1555209	make_up_department	nm0119500
tt1555209	assistant_directors	nm0341356
tt1555209	assistant_directors	nm1053640
tt1555209	assistant_directors	nm2408591
tt1555209	sound_department	nm1629377
tt1555209	sound_department	nm2149978
tt1555209	sound_department	nm2598022
tt1555209	sound_department	nm1397101
tt1555209	sound_department	nm1222512
tt1555209	camera_department	nm2945379
tt1555209	camera_department	nm0191512
tt1555209	camera_department	nm3154551
tt1555209	camera_department	nm1143997
tt1555209	camera_department	nm0218740
tt1555209	costume_departmen	nm3574184
tt1555209	location_management	nm2562728
tt1555209	script_department	nm0918608
tt1555209	production_companies	co0012116
tt1555209	production_companies	co0091878
tt1555209	distributors	co0416719
tt1555211	directors	nm3702548
tt1555211	directors	nm1372106
tt1555211	writers	nm1760711
tt1555211	writers	nm3702548
tt1555211	writers	nm1372106
tt1555211	producers	nm1760711
tt1555211	producers	nm3702548
tt1555211	producers	nm1372106
tt1555211	composers	nm3981875
tt1555211	production_companies	co0514603
tt1555212	cast	nm1883440
tt1555212	cast	nm2363321
tt1555212	cast	nm0005417
tt1555212	cast	nm2645437
tt1555212	cast	nm2743775
tt1555212	directors	nm1880611
tt1555212	directors	nm2016247
tt1555212	writers	nm1880611
tt1555212	writers	nm2016247
tt1555212	producers	nm2363321
tt1555212	producers	nm1880611
tt1555212	producers	nm0990797
tt1555212	producers	nm0004586
tt1555212	producers	nm2016247
tt1555212	composers	nm1626803
tt1555212	cinematographers	nm0004586
tt1555212	editors	nm1880611
tt1555212	editorial_department	nm2803859
tt1555212	editorial_department	nm0004586
tt1555212	casting_directors	nm1897402
tt1555212	make_up_department	nm4115251
tt1555212	make_up_department	nm2576546
tt1555212	make_up_department	nm2805966
tt1555212	art_department	nm2169361
tt1555212	sound_department	nm2690893
tt1555212	sound_department	nm0812670
tt1555212	camera_department	nm2773705
tt1555212	camera_department	nm2016247
tt1555212	costume_departmen	nm3854795
tt1555212	production_companies	co0204896
tt1555212	distributors	co0218582
tt15552142	cast	nm3729721
tt15552142	cast	nm7340546
tt15552142	cast	nm0024404
tt15552142	cast	nm1441925
tt15552142	cast	nm4530936
tt15552142	directors	nm5031882
tt15552142	directors	nm3961122
tt15552142	writers	nm5031882
tt15552142	writers	nm5031882
tt15552142	writers	nm3961122
tt15552142	producers	nm4979264
tt15552142	producers	nm1250030
tt15552142	producers	nm1836176
tt15552142	producers	nm3490904
tt15552142	producers	nm2248864
tt15552142	casting_directors	nm5725818
tt15552142	casting_directors	nm4796927
tt15552142	production_designers	nm0212139
tt15552142	art_directors	nm3982661
tt15552142	set_decorators	nm7409994
tt15552142	costume_designers	nm5423136
tt15552142	make_up_department	nm7584709
tt15552142	make_up_department	nm7155546
tt15552142	make_up_department	nm6982035
tt15552142	make_up_department	nm9828056
tt15552142	production_managers	nm4611785
tt15552142	assistant_directors	nm1292250
tt15552142	assistant_directors	nm1179100
tt15552142	art_department	nm2945352
tt15552142	art_department	nm2801857
tt15552142	art_department	nm3977085
tt15552142	art_department	nm6685329
tt15552142	art_department	nm10987631
tt15552142	sound_department	nm4251226
tt15552142	sound_department	nm10173567
tt15552142	sound_department	nm2052445
tt15552142	special_effects	nm13056149
tt15552142	special_effects	nm7458203
tt15552142	stunts	nm1819579
tt15552142	stunts	nm0024609
tt15552142	stunts	nm1022712
tt15552142	stunts	nm8652219
tt15552142	stunts	nm13019918
tt15552142	camera_department	nm3760301
tt15552142	camera_department	nm7713030
tt15552142	camera_department	nm0217713
tt15552142	camera_department	nm5636462
tt15552142	camera_department	nm3908708
tt15552142	costume_departmen	nm10987632
tt15552142	costume_departmen	nm2943664
tt15552142	costume_departmen	nm9439080
tt15552142	costume_departmen	nm5581139
tt15552142	location_management	nm0244103
tt15552142	location_management	nm7240174
tt15552142	location_management	nm4446100
tt15552142	script_department	nm9364926
tt15552142	transportation_department	nm4879546
tt15552142	transportation_department	nm5582666
tt15552142	transportation_department	nm3740512
tt15552142	production_companies	co0054054
tt15552142	production_companies	co0506728
tt1555215	writers	nm0748074
tt1555215	producers	nm0003577
tt1555215	producers	nm1478831
tt1555215	art_directors	nm1715031
tt1555215	production_companies	co0330914
tt1555215	production_companies	co0045085
tt1555217	cast	nm2106637
tt1555217	writers	nm2106637
tt1555217	writers	nm0938471
tt1555217	producers	nm0031976
tt1555217	costume_departmen	nm1638783
tt1555217	transportation_department	nm1052233
tt1555217	production_companies	co0073081
tt1555217	production_companies	co0005073
tt1555218	cast	nm0124481
tt1555218	cast	nm2885219
tt1555218	cast	nm0681401
tt1555218	cast	nm0660480
tt1555218	cast	nm0184276
tt1555218	directors	nm2336357
tt1555218	writers	nm2336357
tt1555218	producers	nm2358814
tt1555218	producers	nm0292024
tt1555218	producers	nm0888605
tt1555218	cinematographers	nm0221710
tt1555218	editors	nm0098949
tt1555218	editorial_department	nm1809757
tt1555218	editorial_department	nm0390995
tt1555218	editorial_department	nm1132870
tt1555218	editorial_department	nm2600377
tt1555218	casting_directors	nm0782624
tt1555218	production_designers	nm0064651
tt1555218	set_decorators	nm1153429
tt1555218	costume_designers	nm2086348
tt1555218	make_up_department	nm0139097
tt1555218	make_up_department	nm1019515
tt1555218	production_managers	nm7479777
tt1555218	art_department	nm2577522
tt1555218	art_department	nm0194264
tt1555218	art_department	nm0481533
tt1555218	art_department	nm0890793
tt1555218	sound_department	nm0074474
tt1555218	sound_department	nm0139123
tt1555218	sound_department	nm0165880
tt1555218	sound_department	nm0282178
tt1555218	sound_department	nm0496659
tt1555218	special_effects	nm0185942
tt1555218	special_effects	nm1434208
tt1555218	visual_effects	nm4723045
tt1555218	visual_effects	nm3745684
tt1555218	visual_effects	nm1629586
tt1555218	stunts	nm0498905
tt1555218	camera_department	nm0098195
tt1555218	camera_department	nm6119546
tt1555218	camera_department	nm1211838
tt1555218	camera_department	nm4554697
tt1555218	camera_department	nm3939625
tt1555218	costume_departmen	nm3103016
tt1555218	music_department	nm0593353
tt1555218	transportation_department	nm1149030
tt1555218	production_companies	co0000412
tt1555218	distributors	co0239043
tt1555219	cast	nm3706085
tt1555219	cast	nm3705929
tt1555219	cast	nm3732859
tt1555219	cast	nm3705223
tt1555219	cast	nm3181301
tt1555219	directors	nm3705051
tt1555219	directors	nm3705388
tt1555219	writers	nm3705388
tt1555219	writers	nm3705051
tt1555219	producers	nm3702181
tt1555219	producers	nm3705051
tt1555219	cinematographers	nm3702281
tt1555219	editors	nm3705051
tt1555219	casting_directors	nm2784281
tt1555219	art_directors	nm3705759
tt1555219	costume_designers	nm3702686
tt1555219	music_department	nm3705162
tt1555219	music_department	nm3702201
tt1555219	production_companies	co0290749
tt1555219	production_companies	co0311386
tt1555219	production_companies	co0057093
tt1555219	distributors	co0011843
tt1555219	distributors	co0163324
tt1555219	distributors	co0057093
tt15552200	writers	nm3764118
tt15552200	writers	nm3764493
tt15552200	producers	nm3764118
tt15552200	producers	nm3764493
tt15552200	producers	nm8142781
tt15552200	producers	nm0710759
tt15552200	producers	nm0000709
tt15552200	production_companies	co0861654
tt15552200	production_companies	co0038131
tt15552200	production_companies	co0882514
tt15552200	distributors	co0546168
tt15552236	directors	nm11881150
tt15552236	writers	nm11881150
tt15552236	producers	nm11881150
tt15552250	cast	nm8034456
tt15552250	directors	nm6834681
tt15552250	writers	nm5867455
tt15552250	writers	nm12996321
tt15552250	writers	nm6834681
tt15552250	producers	nm5281090
tt15552250	production_companies	co0754250
tt15552250	production_companies	co0602844
tt15552300	cast	nm0911320
tt15552300	cast	nm0371660
tt15552300	cast	nm0641417
tt15552300	cast	nm0471211
tt15552300	cast	nm1827435
tt15552300	writers	nm0328806
tt15552300	producers	nm13003643
tt15552300	editors	nm6156902
tt15552300	camera_department	nm0742877
tt15552300	production_companies	co0884177
tt15552364	writers	nm0028764
tt15552364	producers	nm0028764
tt15552364	producers	nm0329984
tt15552364	producers	nm1723330
tt15552364	production_companies	co0239674
tt15552364	production_companies	co0738806
tt15552384	directors	nm3798718
tt15552384	writers	nm8635555
tt15552384	producers	nm8635555
tt15552384	composers	nm6705490
tt15552384	cinematographers	nm4048993
tt15552384	editors	nm3798718
tt15552384	editorial_department	nm5218594
tt15552494	cast	nm0906000
tt15552494	cast	nm0100785
tt15552494	cast	nm4806973
tt15552494	cast	nm10028368
tt15552494	cast	nm0923417
tt15552494	directors	nm0100785
tt15552494	writers	nm0100785
tt15552494	producers	nm0100785
tt15552494	cinematographers	nm0100785
tt15552494	cinematographers	nm13152549
tt15552494	cinematographers	nm7573996
tt15552494	editors	nm0100785
tt15552494	make_up_department	nm13152567
tt15552494	make_up_department	nm13152568
tt15552494	make_up_department	nm5126499
tt15552494	sound_department	nm8499175
tt15552494	production_companies	co0157012
tt15552494	distributors	co0157012
tt15552570	cast	nm0542677
tt15552570	cast	nm0001598
tt15552570	cast	nm1998498
tt15552570	cast	nm2718712
tt15552570	cast	nm1846416
tt15552570	directors	nm1033667
tt15552570	writers	nm1033667
tt15552570	writers	nm1033667
tt15552570	writers	nm1802118
tt15552570	producers	nm1802118
tt15552570	producers	nm0379463
tt15552570	producers	nm12736803
tt15552570	producers	nm12736304
tt15552570	producers	nm12736303
tt15552570	composers	nm1132022
tt15552570	editors	nm2589466
tt15552570	costume_designers	nm0823883
tt15552570	production_managers	nm10195976
tt15552570	production_managers	nm12964656
tt15552570	production_managers	nm11600017
tt15552570	assistant_directors	nm4959506
tt15552570	assistant_directors	nm0379463
tt15552570	assistant_directors	nm0547953
tt15552570	sound_department	nm12255513
tt15552570	sound_department	nm8239142
tt15552570	sound_department	nm9914884
tt15552570	stunts	nm4629678
tt15552570	stunts	nm0379463
tt15552570	stunts	nm2401269
tt15552570	stunts	nm11052628
tt15552570	stunts	nm8405030
tt15552570	camera_department	nm8450684
tt15552570	production_companies	co0889345
tt15552570	production_companies	co0265135
tt15552570	production_companies	co0889344
tt15552570	production_companies	co0554145
tt15552610	cast	nm0000438
tt15552610	cast	nm0001496
tt15552610	directors	nm2278021
tt15552610	writers	nm6943278
tt15552610	producers	nm5386015
tt15552610	producers	nm0462867
tt15552610	production_companies	co0192971
tt15552610	production_companies	co0133535
tt15552640	directors	nm5674961
tt15552640	writers	nm5674961
tt15552640	producers	nm5674961
tt15552640	production_companies	co0746021
tt15552646	production_companies	co0657254
tt15552888	cast	nm13090472
tt15552888	cast	nm13090123
tt15552888	cast	nm12996792
tt15552888	cast	nm12464055
tt15552888	cast	nm13066931
tt15552888	directors	nm1318102
tt15552888	composers	nm10152748
tt15552888	composers	nm13090010
tt15552888	composers	nm13090012
tt15552888	composers	nm13090011
tt15552888	composers	nm13090009
tt15552888	cinematographers	nm1318102
tt15552888	editors	nm12996793
tt15552888	editorial_department	nm13090018
tt15552888	make_up_department	nm13090143
tt15552888	make_up_department	nm13090141
tt15552888	make_up_department	nm13090136
tt15552888	make_up_department	nm13090137
tt15552888	make_up_department	nm13090139
tt15552888	assistant_directors	nm2373424
tt15552888	assistant_directors	nm13089989
tt15552888	assistant_directors	nm13089988
tt15552888	art_department	nm13090132
tt15552888	art_department	nm13089986
tt15552888	art_department	nm13089984
tt15552888	art_department	nm13090130
tt15552888	art_department	nm13090134
tt15552888	sound_department	nm13090021
tt15552888	sound_department	nm4669164
tt15552888	sound_department	nm13090022
tt15552888	sound_department	nm13090019
tt15552888	sound_department	nm13090020
tt15552888	special_effects	nm13090150
tt15552888	special_effects	nm13090144
tt15552888	special_effects	nm13090146
tt15552888	special_effects	nm13090130
tt15552888	special_effects	nm13090145
tt15552888	visual_effects	nm13090023
tt15552888	visual_effects	nm13090025
tt15552888	visual_effects	nm13090026
tt15552888	visual_effects	nm13090024
tt15552888	visual_effects	nm13090003
tt15552888	camera_department	nm8559998
tt15552888	camera_department	nm13090007
tt15552888	camera_department	nm13089998
tt15552888	camera_department	nm8450727
tt15552888	camera_department	nm6555310
tt15552888	costume_departmen	nm13090014
tt15552888	costume_departmen	nm13090013
tt15552888	costume_departmen	nm13090017
tt15552888	costume_departmen	nm13090016
tt15552888	costume_departmen	nm13090015
tt15552888	music_department	nm13090178
tt15552888	music_department	nm13090176
tt15552888	music_department	nm13090202
tt15552888	music_department	nm13090144
tt15552888	music_department	nm13090179
tt15552888	production_companies	co0063811
tt15552888	production_companies	co0896777
tt15553030	cast	nm2791239
tt15553030	cast	nm9335995
tt15553030	cast	nm10691238
tt15553030	cast	nm12484792
tt15553030	cast	nm3442338
tt15553030	directors	nm9186428
tt15553030	writers	nm12554278
tt15553030	production_companies	co0867249
tt15553030	production_companies	co0884201
tt15553062	cast	nm4358797
tt15553062	cast	nm0052491
tt15553062	cast	nm0023715
tt15553062	cast	nm0643893
tt15553062	cast	nm1407818
tt15553062	directors	nm0846629
tt15553062	writers	nm0846629
tt15553062	writers	nm1210916
tt15553062	producers	nm12996915
tt15553062	producers	nm12996916
tt15553062	producers	nm12996914
tt15553062	composers	nm4114968
tt15553062	cinematographers	nm11517988
tt15553062	editors	nm12996917
tt15553062	art_directors	nm12996918
tt15553062	production_managers	nm12996921
tt15553062	assistant_directors	nm12996920
tt15553062	assistant_directors	nm12996919
tt15553062	production_companies	co0884203
tt15553062	distributors	co0217593
tt15553086	directors	nm0953457
tt15553086	directors	nm3868583
tt15553086	writers	nm12996931
tt15553086	writers	nm0953457
tt15553086	writers	nm3868583
tt15553086	producers	nm0953457
tt15553086	composers	nm10868517
tt15553086	composers	nm10868516
tt15553086	cinematographers	nm3868583
tt15553086	editors	nm0070071
tt15553086	sound_department	nm1869599
tt15553086	production_companies	co0673915
tt15553086	production_companies	co0831575
tt15553150	cast	nm8539967
tt15553150	cast	nm9804418
tt15553150	cast	nm7031030
tt15553150	cast	nm11309413
tt15553150	cast	nm11983776
tt15553150	directors	nm11983776
tt15553150	writers	nm12996973
tt15553150	writers	nm11983776
tt15553150	producers	nm11983776
tt15553150	cinematographers	nm10894535
tt15553150	editors	nm11983776
tt15553150	production_companies	co0825511
tt15553152	cast	nm1076340
tt15553152	cast	nm0882616
tt15553152	cast	nm0490902
tt15553152	cast	nm3218860
tt15553152	cast	nm12996975
tt15553152	directors	nm4306158
tt15553152	writers	nm4306158
tt15553152	producers	nm1645048
tt15553152	producers	nm8439673
tt15553152	producers	nm7105926
tt15553152	producers	nm4442446
tt15553152	cinematographers	nm3602904
tt15553152	editors	nm2500384
tt15553152	sound_department	nm7000128
tt15553152	sound_department	nm8989550
tt15553152	camera_department	nm11727005
tt15553152	camera_department	nm6107555
tt15553152	production_companies	co0884204
tt15553152	production_companies	co0747908
tt15553254	directors	nm5850246
tt15553254	writers	nm3739040
tt15553254	producers	nm5850246
tt15553254	production_companies	co0800304
tt15553308	cast	nm0407508
tt15553308	cast	nm10155509
tt15553308	cast	nm0386389
tt15553308	cast	nm12997116
tt15553308	cast	nm0559641
tt15553308	directors	nm0594273
tt15553308	writers	nm0793881
tt15553308	writers	nm12997119
tt15553308	producers	nm12997120
tt15553308	producers	nm3163894
tt15553308	composers	nm0370618
tt15553308	cinematographers	nm3837800
tt15553308	editors	nm3687619
tt15553308	art_directors	nm2201427
tt15553308	production_managers	nm12951562
tt15553308	assistant_directors	nm1328271
tt15553308	camera_department	nm3865514
tt15553308	production_companies	co0217593
tt15553308	distributors	co0217593
tt15553396	cast	nm12993600
tt15553396	cast	nm12745282
tt15553414	directors	nm5374706
tt15553414	producers	nm3999962
tt15553414	composers	nm3999962
tt15553414	cinematographers	nm5374706
tt15553428	cast	nm12997156
tt15553428	cast	nm12997160
tt15553428	cast	nm5610811
tt15553428	cast	nm12997158
tt15553428	cast	nm12997157
tt15553428	directors	nm4787406
tt15553428	producers	nm3548432
tt15553428	producers	nm7681850
tt15553428	producers	nm5814459
tt15553428	producers	nm4787406
tt15553428	producers	nm5287166
tt15553428	cinematographers	nm3548432
tt15553428	cinematographers	nm4787406
tt15553428	cinematographers	nm4219739
tt15553428	editors	nm4787406
tt15553428	editorial_department	nm3154884
tt15553428	sound_department	nm12997310
tt15553428	production_companies	co0722874
tt15553438	cast	nm9622263
tt15553438	cast	nm10391769
tt15553438	cast	nm6346808
tt15553438	cast	nm10414730
tt15553438	cast	nm11293279
tt15553438	directors	nm6346808
tt15553438	writers	nm6346808
tt15553438	producers	nm6346808
tt15553438	composers	nm6346808
tt15553438	editors	nm6346808
tt15553438	production_companies	co0851717
tt15553440	directors	nm4589331
tt15553440	writers	nm0593662
tt15553440	producers	nm7723899
tt15553440	producers	nm4589331
tt15553440	producers	nm4670727
tt15553440	editors	nm4670727
tt15553440	production_companies	co0352275
tt15553440	distributors	co0884211
tt15553454	writers	nm0438151
tt15553454	producers	nm0438151
tt15553478	cast	nm9542673
tt15553478	cast	nm12997228
tt15553478	cast	nm12997207
tt15553478	cast	nm12997204
tt15553478	cast	nm12128388
tt15553478	directors	nm12997203
tt15553478	writers	nm9475447
tt15553478	producers	nm9475447
tt15553478	cinematographers	nm12997203
tt15553478	editors	nm12997203
tt15553478	sound_department	nm13114844
tt15553478	production_companies	co0884229
tt15553478	distributors	co0884229
tt15553478	distributors	co0884229
tt1555354	cast	nm3710300
tt1555354	cast	nm3711946
tt1555354	cast	nm3709723
tt1555354	cast	nm3710118
tt1555354	cast	nm3711336
tt1555354	directors	nm2698722
tt1555354	producers	nm2698722
tt1555354	composers	nm3712058
tt1555354	distributors	co0023944
tt1555356	cast	nm3710357
tt1555356	directors	nm0033032
tt1555356	directors	nm0882078
tt1555356	producers	nm0033032
tt1555356	producers	nm0882078
tt1555356	cinematographers	nm0882078
tt1555356	editors	nm0882078
tt1555356	editors	nm3702432
tt15553634	cast	nm10384414
tt15553634	writers	nm12997311
tt15553634	producers	nm10384414
tt15553652	cast	nm0948939
tt15553652	cast	nm0654837
tt15553652	cast	nm1166738
tt15553652	cast	nm3882781
tt15553652	cast	nm1030452
tt15553652	directors	nm0464726
tt15553652	writers	nm5726026
tt15553652	writers	nm1326987
tt15553652	writers	nm3760356
tt15553652	producers	nm1179323
tt15553652	composers	nm0463074
tt15553652	cinematographers	nm0645412
tt15553652	editors	nm11200393
tt15553652	art_directors	nm3609145
tt15553652	production_managers	nm3838893
tt15553652	assistant_directors	nm3836098
tt15553652	production_companies	co0217593
tt15553652	distributors	co0217593
tt1555367	cast	nm0998254
tt1555367	cast	nm0207905
tt1555367	cast	nm3710500
tt1555367	cast	nm0592151
tt1555367	cast	nm3712174
tt1555367	directors	nm2254811
tt1555367	writers	nm2254811
tt1555367	producers	nm3722168
tt1555367	producers	nm3709179
tt1555367	producers	nm2254811
tt1555367	producers	nm2207075
tt1555367	producers	nm3722142
tt1555367	composers	nm3721638
tt1555367	composers	nm3709131
tt1555367	composers	nm1742422
tt1555367	cinematographers	nm0578925
tt1555367	editors	nm0378504
tt1555367	editors	nm1196678
tt1555367	editorial_department	nm2954588
tt1555367	editorial_department	nm0070853
tt1555367	editorial_department	nm0378504
tt1555367	editorial_department	nm1196678
tt1555367	production_designers	nm0798623
tt1555367	costume_designers	nm2520017
tt1555367	make_up_department	nm3721266
tt1555367	make_up_department	nm2374529
tt1555367	production_managers	nm3708838
tt1555367	production_managers	nm0995383
tt1555367	production_managers	nm3315075
tt1555367	production_managers	nm3709167
tt1555367	assistant_directors	nm3315075
tt1555367	assistant_directors	nm3722788
tt1555367	assistant_directors	nm1257391
tt1555367	assistant_directors	nm2381013
tt1555367	assistant_directors	nm1127394
tt1555367	art_department	nm3721877
tt1555367	art_department	nm3721922
tt1555367	art_department	nm3721997
tt1555367	art_department	nm3721489
tt1555367	art_department	nm3296288
tt1555367	sound_department	nm3722746
tt1555367	sound_department	nm3722928
tt1555367	sound_department	nm1405005
tt1555367	sound_department	nm0532781
tt1555367	special_effects	nm3721274
tt1555367	special_effects	nm3722903
tt1555367	camera_department	nm3721751
tt1555367	camera_department	nm1692708
tt1555367	camera_department	nm3722424
tt1555367	camera_department	nm0989964
tt1555367	camera_department	nm3709381
tt1555367	casting_department	nm3720953
tt1555367	casting_department	nm3721914
tt1555367	costume_departmen	nm3721653
tt1555367	costume_departmen	nm3720811
tt1555367	costume_departmen	nm3721103
tt1555367	costume_departmen	nm3721594
tt1555367	costume_departmen	nm2376185
tt1555367	script_department	nm1388444
tt1555367	script_department	nm1391721
tt1555367	transportation_department	nm3721736
tt1555367	transportation_department	nm3709275
tt1555367	production_companies	co0290832
tt1555367	production_companies	co0291210
tt1555367	production_companies	co0291324
tt1555367	distributors	co0291324
tt1555367	distributors	co0018507
tt15553692	cast	nm0249644
tt15553692	cast	nm5524982
tt15553692	cast	nm6137206
tt15553692	cast	nm0476433
tt15553692	cast	nm12779059
tt15553692	directors	nm1429215
tt15553692	writers	nm5726026
tt15553692	writers	nm6213663
tt15553692	writers	nm3760356
tt15553692	producers	nm1179323
tt15553692	composers	nm6213664
tt15553692	cinematographers	nm0605720
tt15553692	art_directors	nm3836906
tt15553692	camera_department	nm12892830
tt15553692	production_companies	co0217593
tt15553692	distributors	co0217593
tt15553754	cast	nm0882577
tt15553754	cast	nm3836144
tt15553754	cast	nm0297843
tt15553754	cast	nm0052491
tt15553754	cast	nm0786067
tt15553754	directors	nm5376395
tt15553754	writers	nm12135827
tt15553754	writers	nm5376395
tt15553754	writers	nm4692535
tt15553754	producers	nm3163894
tt15553754	composers	nm0559582
tt15553754	cinematographers	nm12849541
tt15553754	editors	nm0386226
tt15553754	art_directors	nm8350212
tt15553754	production_managers	nm5847084
tt15553754	assistant_directors	nm12997458
tt15553754	production_companies	co0217593
tt15553754	distributors	co0217593
tt15553756	cast	nm2686712
tt15553756	cast	nm4258045
tt15553756	cast	nm2506297
tt15553756	cast	nm2990404
tt15553756	production_companies	co0308210
tt15553758	producers	nm1077235
tt15553758	producers	nm2754274
tt15553758	production_companies	co0614110
tt15553778	cast	nm8986551
tt15553778	cast	nm8214847
tt15553778	cast	nm4563846
tt15553778	directors	nm12861370
tt15553778	writers	nm12997481
tt15553778	producers	nm12997481
tt15553778	producers	nm8214847
tt15553778	producers	nm12861370
tt15553778	cinematographers	nm12997482
tt15553778	editors	nm6285487
tt15553778	production_companies	co0875980
tt15553786	cast	nm12158330
tt15553786	cast	nm7271730
tt15553786	cast	nm8851972
tt15553786	cast	nm11754750
tt15553786	cast	nm8676742
tt15553786	directors	nm8851972
tt15553786	writers	nm7858711
tt15553786	writers	nm8851972
tt15553786	producers	nm8851972
tt15553786	cinematographers	nm6492184
tt15553786	editors	nm12997486
tt15553786	camera_department	nm12520074
tt15553802	cast	nm0878597
tt15553802	writers	nm12315819
tt15553802	writers	nm11424081
tt15553802	producers	nm7155911
tt15553802	producers	nm12315819
tt15553802	producers	nm8086059
tt15553802	producers	nm8787886
tt15553802	producers	nm13043460
tt15553802	art_directors	nm4131056
tt15553802	art_department	nm4131056
tt15553802	stunts	nm0570946
tt15553802	production_companies	co0815615
tt15553832	cast	nm0249644
tt15553832	cast	nm5524982
tt15553832	cast	nm6137206
tt15553832	cast	nm0476433
tt15553832	cast	nm12779059
tt15553832	directors	nm1429215
tt15553832	writers	nm6213663
tt15553832	writers	nm1429215
tt15553832	writers	nm12997501
tt15553832	producers	nm1179323
tt15553832	composers	nm0452853
tt15553832	composers	nm12997502
tt15553832	cinematographers	nm0605720
tt15553832	art_directors	nm3836906
tt15553832	production_managers	nm0847160
tt15553832	assistant_directors	nm0969164
tt15553832	camera_department	nm12892830
tt15553832	production_companies	co0217593
tt15553832	distributors	co0217593
tt15553842	directors	nm0319419
tt15553842	writers	nm0319419
tt15553842	producers	nm0319419
tt15553842	production_companies	co0073385
tt15553842	distributors	co0658162
tt1555389	cast	nm1976481
tt1555389	cast	nm2802882
tt1555389	cast	nm0519440
tt1555389	directors	nm1249734
tt1555389	directors	nm2531392
tt1555389	writers	nm1976481
tt1555389	writers	nm1976481
tt1555389	writers	nm0519440
tt1555389	producers	nm1976481
tt1555389	producers	nm2531392
tt1555389	producers	nm3706649
tt1555389	producers	nm0519440
tt1555389	producers	nm1249734
tt1555389	cinematographers	nm1249734
tt1555389	editors	nm1249734
tt15553902	directors	nm10136401
tt15553902	writers	nm10136401
tt15553902	writers	nm10136401
tt15553902	writers	nm10136401
tt15553902	producers	nm10136402
tt15553902	cinematographers	nm10136401
tt15553902	editors	nm10136401
tt15553908	cast	nm9814655
tt15553908	cast	nm11194998
tt15553908	cast	nm12027024
tt15553908	directors	nm1992193
tt15553908	camera_department	nm8509338
tt1555390	cast	nm0414302
tt1555390	cast	nm0414301
tt1555390	directors	nm0414302
tt1555390	directors	nm2082336
tt1555390	writers	nm0414302
tt1555390	writers	nm2082336
tt1555390	producers	nm0081516
tt1555390	producers	nm0326722
tt1555390	producers	nm0414302
tt1555390	composers	nm1908049
tt1555390	editors	nm0755525
tt1555390	editorial_department	nm0509436
tt1555390	sound_department	nm0432918
tt1555390	sound_department	nm1084137
tt1555390	camera_department	nm1907993
tt1555390	camera_department	nm0342522
tt1555390	camera_department	nm0414301
tt1555390	camera_department	nm0414302
tt1555390	production_companies	co0165892
tt1555390	distributors	co0165892
tt15553910	cast	nm0407508
tt15553910	cast	nm4514122
tt15553910	cast	nm0637894
tt15553910	cast	nm12997537
tt15553910	cast	nm0359248
tt15553910	directors	nm3641856
tt15553910	writers	nm12892829
tt15553910	producers	nm1425684
tt15553910	composers	nm1166809
tt15553910	cinematographers	nm0386261
tt15553910	editors	nm10066700
tt15553910	art_directors	nm2201427
tt15553910	production_managers	nm5910337
tt15553910	assistant_directors	nm3282839
tt15553910	production_companies	co0217593
tt15553910	distributors	co0217593
tt1555391	cast	nm3710985
tt1555391	directors	nm3711836
tt1555391	writers	nm3711836
tt1555391	producers	nm3710777
tt1555391	editors	nm3702666
tt1555391	distributors	co0046232
tt15553954	cast	nm12001503
tt15553954	cast	nm10924215
tt15553954	directors	nm0519117
tt15553954	writers	nm0519117
tt15553954	producers	nm0519117
tt15553954	cinematographers	nm0519117
tt15553954	camera_department	nm0519117
tt15553954	production_companies	co0570212
tt15553954	distributors	co0726307
tt15553956	cast	nm9273705
tt15553956	cast	nm4227051
tt15553956	directors	nm3016523
tt15553956	production_companies	co0650527
tt15553956	distributors	co0144901
tt1555399	cast	nm3266654
tt1555399	directors	nm3266654
tt1555399	writers	nm3266654
tt1555399	producers	nm3266654
tt1555399	editors	nm3266654
tt1555399	production_companies	co0259630
tt1555399	distributors	co0259630
tt1555402	cast	nm2789986
tt1555402	cast	nm1467791
tt1555402	directors	nm1117829
tt1555402	directors	nm0262620
tt1555402	producers	nm2155828
tt1555402	producers	nm2525316
tt1555402	producers	nm1117829
tt1555402	producers	nm0262620
tt1555402	producers	nm5559410
tt1555402	composers	nm7794222
tt1555402	cinematographers	nm1248285
tt1555402	editors	nm3211687
tt1555402	editors	nm1908439
tt1555402	editors	nm0953296
tt1555402	editorial_department	nm2334876
tt1555402	sound_department	nm10368012
tt1555402	camera_department	nm1194500
tt1555402	production_companies	co0032380
tt15554032	cast	nm2856705
tt15554032	writers	nm8544337
tt15554032	writers	nm1396066
tt15554032	producers	nm1396066
tt1555404	cast	nm3711219
tt1555404	cast	nm3710453
tt1555404	directors	nm0160844
tt1555404	writers	nm0160844
tt1555404	writers	nm3709996
tt1555404	producers	nm0160844
tt1555404	producers	nm3710161
tt1555404	composers	nm3710519
tt1555404	production_companies	co0291436
tt1555404	distributors	co0290842
tt1555408	cast	nm1348227
tt1555408	cast	nm3710728
tt1555408	cast	nm3711501
tt1555408	cast	nm3711704
tt1555408	cast	nm3737707
tt1555408	directors	nm3711786
tt1555408	directors	nm3711699
tt1555408	writers	nm3711786
tt1555408	writers	nm3711699
tt1555408	producers	nm3711786
tt1555408	producers	nm3711699
tt1555408	composers	nm3711079
tt1555408	cinematographers	nm2745327
tt1555408	cinematographers	nm3711786
tt1555408	editors	nm3711786
tt1555408	production_companies	co0290950
tt1555408	production_companies	co0291030
tt15554126	directors	nm3993149
tt15554126	writers	nm3993149
tt15554126	writers	nm2378766
tt15554126	producers	nm3993149
tt15554126	production_companies	co0580930
tt1555413	cast	nm2792010
tt1555413	cast	nm3710621
tt1555413	cast	nm0426435
tt1555413	cast	nm1367313
tt1555413	cast	nm2876028
tt1555413	directors	nm2142753
tt1555413	writers	nm2142753
tt1555413	producers	nm2142753
tt1555413	producers	nm0426435
tt1555413	composers	nm0290119
tt1555413	composers	nm3710040
tt1555413	cinematographers	nm1155950
tt1555413	cinematographers	nm3274400
tt1555413	editors	nm2142753
tt1555413	costume_designers	nm1351339
tt1555413	sound_department	nm1712960
tt1555413	sound_department	nm1353680
tt15554158	cast	nm10588243
tt15554158	cast	nm10826752
tt15554158	cast	nm10579547
tt15554158	cast	nm10639266
tt15554158	cast	nm12997790
tt15554158	directors	nm10579547
tt15554158	writers	nm10588243
tt15554158	producers	nm10579547
tt15554158	producers	nm10588243
tt15554158	cinematographers	nm12997790
tt15554158	editors	nm10579547
tt15554158	sound_department	nm10639266
tt15554158	production_companies	co0217979
tt15554158	distributors	co0217979
tt15554164	writers	nm10886783
tt15554164	producers	nm9766074
tt15554164	producers	nm10886783
tt1555416	cast	nm2055602
tt1555416	cast	nm3742147
tt1555416	cast	nm1372579
tt1555416	cast	nm3739782
tt1555416	cast	nm0325841
tt1555416	directors	nm3766225
tt1555416	writers	nm3766225
tt1555416	composers	nm3766225
tt1555416	cinematographers	nm3766225
tt1555416	editors	nm3766225
tt1555416	costume_designers	nm3739782
tt1555416	production_managers	nm3739782
tt1555416	assistant_directors	nm3952159
tt1555416	assistant_directors	nm3739782
tt1555416	production_companies	co0291969
tt1555419	cast	nm3702564
tt1555419	cast	nm3711634
tt1555419	cast	nm1510450
tt1555419	cast	nm3216025
tt1555419	cast	nm3710008
tt1555419	directors	nm3712084
tt1555419	writers	nm3712084
tt1555419	producers	nm3712084
tt1555419	composers	nm3711069
tt1555419	composers	nm0365517
tt1555419	cinematographers	nm3710801
tt1555419	editors	nm3712084
tt15554216	cast	nm12997891
tt15554216	directors	nm2599402
tt15554216	writers	nm12997891
tt15554216	writers	nm2599402
tt15554216	producers	nm2599402
tt15554216	cinematographers	nm2599402
tt15554216	editors	nm2599402
tt15554216	production_companies	co0726972
tt1555424	cast	nm2334607
tt1555424	cast	nm3137482
tt1555424	cast	nm3702405
tt1555424	cast	nm3571968
tt1555424	directors	nm3686875
tt1555424	writers	nm3686875
tt1555424	producers	nm3686875
tt1555424	composers	nm3702534
tt1555424	cinematographers	nm3434388
tt1555424	editors	nm3709878
tt1555424	casting_directors	nm2891169
tt1555424	sound_department	nm1434231
tt1555424	camera_department	nm3052185
tt15554268	cast	nm0632571
tt15554268	cast	nm0655805
tt15554268	cast	nm0706499
tt15554268	cast	nm1682953
tt15554268	directors	nm10576213
tt1555428	cast	nm3742157
tt1555428	cast	nm1156918
tt1555428	cast	nm3725657
tt1555428	cast	nm1372579
tt1555428	cast	nm0325841
tt1555428	directors	nm3766225
tt1555428	writers	nm3766225
tt1555428	writers	nm3740121
tt1555428	composers	nm3766225
tt1555428	cinematographers	nm3766225
tt1555428	editors	nm3766225
tt1555428	production_managers	nm3739782
tt1555428	production_companies	co0291969
tt15554302	cast	nm0743757
tt15554302	cast	nm13001112
tt15554302	directors	nm0743757
tt15554302	writers	nm0743757
tt15554302	writers	nm13001112
tt15554302	editors	nm0743757
tt15554316	cast	nm1243922
tt15554316	cast	nm6860715
tt15554316	cast	nm1218629
tt15554316	cast	nm1669965
tt15554316	directors	nm12998133
tt15554316	writers	nm4887430
tt15554316	production_companies	co0123151
tt15554334	cast	nm4771476
tt15554334	cast	nm12998145
tt15554334	cast	nm5420836
tt15554334	cast	nm4143865
tt15554334	cast	nm4391932
tt15554334	directors	nm2331799
tt15554334	directors	nm4391932
tt15554334	writers	nm2331799
tt15554334	writers	nm4391932
tt15554334	producers	nm2331799
tt15554334	producers	nm4391932
tt15554334	composers	nm2331799
tt15554334	composers	nm4391932
tt15554334	cinematographers	nm2331799
tt15554334	cinematographers	nm4391932
tt15554334	editors	nm2331799
tt15554334	editors	nm4391932
tt15554334	production_companies	co0211334
tt15554354	directors	nm3992612
tt15554354	writers	nm3992612
tt15554354	producers	nm12998212
tt15554354	producers	nm3992612
tt15554382	cast	nm5037569
tt15554382	cast	nm7287283
tt15554382	cast	nm8051822
tt15554382	directors	nm12998221
tt15554382	writers	nm12998221
tt15554382	production_companies	co0884253
tt1555440	cast	nm0726170
tt1555440	cast	nm1480430
tt1555440	cast	nm1723030
tt1555440	cast	nm3752027
tt1555440	cast	nm6619762
tt1555440	directors	nm0464934
tt1555440	writers	nm1286340
tt1555440	producers	nm0168499
tt1555440	producers	nm3752027
tt1555440	producers	nm2963480
tt1555440	producers	nm1555917
tt1555440	producers	nm0726170
tt1555440	composers	nm4184184
tt1555440	composers	nm2879449
tt1555440	cinematographers	nm2019413
tt1555440	editors	nm1147211
tt1555440	editorial_department	nm2364623
tt1555440	editorial_department	nm2390648
tt1555440	editorial_department	nm2168491
tt1555440	production_designers	nm2700095
tt1555440	art_directors	nm3154938
tt1555440	make_up_department	nm1292166
tt1555440	make_up_department	nm3136372
tt1555440	make_up_department	nm2610533
tt1555440	make_up_department	nm3588851
tt1555440	make_up_department	nm3792869
tt1555440	assistant_directors	nm1457750
tt1555440	assistant_directors	nm2730904
tt1555440	assistant_directors	nm3293949
tt1555440	assistant_directors	nm3817133
tt1555440	assistant_directors	nm3518249
tt1555440	art_department	nm3329245
tt1555440	sound_department	nm2018809
tt1555440	sound_department	nm0128695
tt1555440	sound_department	nm1894939
tt1555440	sound_department	nm1872852
tt1555440	sound_department	nm0488176
tt1555440	stunts	nm0759344
tt1555440	camera_department	nm1374344
tt1555440	camera_department	nm2487220
tt1555440	camera_department	nm3401974
tt1555440	camera_department	nm3593059
tt1555440	camera_department	nm2883518
tt1555440	casting_department	nm2946460
tt1555440	costume_departmen	nm2830469
tt1555440	costume_departmen	nm3730422
tt1555440	costume_departmen	nm3889414
tt1555440	script_department	nm3251205
tt1555440	script_department	nm3630719
tt1555440	script_department	nm3728580
tt1555440	production_companies	co0026662
tt1555440	distributors	co0011843
tt1555440	distributors	co0011843
tt1555440	distributors	co0011843
tt1555440	distributors	co0011843
tt1555440	distributors	co0026662
tt15554410	cast	nm11355408
tt15554410	cast	nm7447035
tt15554410	directors	nm4543764
tt15554410	writers	nm4543764
tt15554410	producers	nm7447035
tt15554410	art_directors	nm10068670
tt15554410	sound_department	nm2868574
tt15554410	sound_department	nm13008388
tt15554410	production_companies	co0881134
tt15554424	cast	nm7776567
tt15554424	cast	nm8614457
tt15554424	cast	nm3864619
tt15554424	cast	nm10097883
tt15554424	directors	nm12998311
tt15554458	cast	nm7299791
tt15554458	cast	nm6018529
tt15554458	cast	nm10094772
tt15554458	cast	nm6791358
tt15554458	cast	nm10634865
tt15554458	directors	nm11616134
tt15554458	writers	nm4821160
tt15554458	writers	nm6791358
tt15554458	producers	nm10541802
tt15554458	producers	nm9257578
tt15554458	producers	nm6791358
tt15554458	composers	nm11723258
tt15554458	cinematographers	nm5650781
tt15554458	editors	nm12467059
tt15554458	casting_directors	nm7673996
tt15554458	casting_directors	nm6791358
tt15554458	make_up_department	nm13042899
tt15554458	production_managers	nm11616134
tt15554458	art_department	nm9397095
tt15554458	art_department	nm13042879
tt15554458	sound_department	nm4248706
tt15554458	sound_department	nm11723258
tt15554458	camera_department	nm11980392
tt15554458	camera_department	nm11164040
tt15554458	location_management	nm11616134
tt15554466	cast	nm7630834
tt15554466	cast	nm8943364
tt15554466	directors	nm9776529
tt15554466	writers	nm9776529
tt15554466	producers	nm12998353
tt15554466	producers	nm12998352
tt15554466	production_companies	co0884258
tt15554466	production_companies	co0884257
tt15554486	cast	nm7630834
tt15554486	cast	nm5879267
tt15554486	cast	nm9236053
tt15554486	cast	nm12998368
tt15554486	directors	nm7435942
tt15554486	writers	nm7435942
tt15554486	writers	nm9351086
tt15554486	writers	nm10285716
tt15554486	producers	nm11244299
tt15554486	producers	nm7435942
tt15554486	cinematographers	nm10367052
tt15554486	costume_designers	nm8696464
tt15554486	assistant_directors	nm12057754
tt15554486	assistant_directors	nm10644869
tt15554486	music_department	nm8240541
tt15554486	production_companies	co0544460
tt15554486	production_companies	co0881101
tt15554494	cast	nm10867579
tt15554494	cast	nm9490920
tt15554494	cast	nm7569489
tt15554494	cast	nm12072636
tt15554494	directors	nm9548123
tt15554494	writers	nm9548123
tt15554494	sound_department	nm10193824
tt15554494	production_companies	co0877160
tt15554496	cast	nm7435942
tt15554496	cast	nm3210551
tt15554496	cast	nm11841659
tt15554496	cast	nm5879267
tt15554496	cast	nm9236053
tt15554496	directors	nm7435942
tt15554496	writers	nm7474055
tt15554496	writers	nm7435942
tt15554496	producers	nm7435942
tt15554496	producers	nm6288599
tt15554496	composers	nm8240541
tt15554496	cinematographers	nm1810272
tt15554496	cinematographers	nm10367052
tt15554496	costume_designers	nm9409026
tt15554496	assistant_directors	nm12057754
tt15554496	assistant_directors	nm10644869
tt15554496	camera_department	nm12991281
tt15554496	production_companies	co0544460
tt15554526	cast	nm0712546
tt15554526	cast	nm3109755
tt15554526	cast	nm3864619
tt15554526	directors	nm3922873
tt15554526	writers	nm12998405
tt15554526	writers	nm1018030
tt15554526	writers	nm9031403
tt15554526	producers	nm0415828
tt15554526	producers	nm0415837
tt15554526	costume_designers	nm6476897
tt15554526	assistant_directors	nm10213580
tt15554526	production_companies	co0009688
tt15554564	directors	nm8803982
tt15554564	producers	nm1188432
tt15554564	cinematographers	nm2631332
tt15554564	sound_department	nm1765707
tt15554564	sound_department	nm2548476
tt15554564	sound_department	nm1185175
tt15554564	production_companies	co0068768
tt15554564	distributors	co0068768
tt15554568	cast	nm12727436
tt15554568	cast	nm9236053
tt15554568	cast	nm8229185
tt15554568	cast	nm7129206
tt15554568	directors	nm12959663
tt15554578	cast	nm8614457
tt15554578	cast	nm6419808
tt15554578	cast	nm8013135
tt15554578	directors	nm12998443
tt15554578	producers	nm12998444
tt15554578	cinematographers	nm7507822
tt15554578	editors	nm3175760
tt15554594	directors	nm12998474
tt15554594	writers	nm12998475
tt15554594	writers	nm12998474
tt15554594	cinematographers	nm12998475
tt15554594	cinematographers	nm12998474
tt15554594	editors	nm12998474
tt15554594	editorial_department	nm12998476
tt15554594	sound_department	nm4153573
tt15554594	production_companies	co0884261
tt15554614	cast	nm5840379
tt15554614	cast	nm1650011
tt15554614	cast	nm12947823
tt15554614	cast	nm2118220
tt15554614	cast	nm12998485
tt15554614	directors	nm2745900
tt15554614	writers	nm8976564
tt15554614	writers	nm2745900
tt15554614	producers	nm12998487
tt15554614	producers	nm12998486
tt15554614	cinematographers	nm10147297
tt15554614	script_department	nm12998488
tt15554614	production_companies	co0884264
tt15554616	cast	nm1307939
tt15554616	cast	nm0419688
tt15554616	cast	nm10899733
tt15554616	cast	nm10356433
tt15554616	directors	nm0030791
tt15554616	writers	nm1436180
tt15554616	cinematographers	nm0474870
tt15554616	production_companies	co0170709
tt15554620	cast	nm12495238
tt15554620	cast	nm12559401
tt15554620	directors	nm12495238
tt15554620	producers	nm12614800
tt15554620	production_companies	co0860210
tt15554620	distributors	co0860210
tt15554634	cast	nm12026450
tt15554634	cast	nm12026451
tt15554634	cast	nm12998552
tt15554634	cast	nm12998553
tt15554634	directors	nm12998552
tt15554634	directors	nm12998614
tt15554634	writers	nm12998552
tt15554634	producers	nm12026450
tt15554634	producers	nm12026451
tt15554634	producers	nm12998552
tt15554634	producers	nm12998614
tt15554634	composers	nm9022274
tt15554634	composers	nm12026452
tt15554634	cinematographers	nm12998552
tt15554634	editors	nm12998552
tt15554634	production_companies	co0884265
tt15554634	distributors	co0828037
tt15554640	cast	nm9703400
tt15554640	cast	nm9608017
tt15554640	cast	nm6051579
tt15554640	cast	nm9236053
tt15554640	directors	nm12998557
tt15554640	composers	nm7204313
tt15554668	cast	nm12998600
tt15554668	cast	nm12998602
tt15554668	cast	nm12998601
tt15554668	cast	nm12998603
tt15554668	directors	nm12998599
tt15554668	writers	nm12998604
tt15554668	cinematographers	nm12998644
tt15554668	art_directors	nm6512236
tt15554668	sound_department	nm3590610
tt15554668	sound_department	nm12998645
tt15554670	cast	nm13036839
tt15554670	cast	nm0789391
tt15554670	cast	nm12998606
tt15554670	directors	nm12998605
tt15554670	composers	nm11390467
tt15554670	music_department	nm11390453
tt15554670	music_department	nm11390467
tt15554670	production_companies	co0801449
tt15554676	cast	nm5661365
tt15554676	cast	nm9290421
tt15554676	cast	nm1261649
tt15554676	cast	nm10576428
tt15554676	cast	nm1421784
tt15554676	directors	nm12386116
tt15554676	writers	nm12998617
tt15554676	producers	nm12998618
tt15554676	cinematographers	nm10027085
tt15554676	production_companies	co0884266
tt15554682	cast	nm1981215
tt15554682	cast	nm4081050
tt15554682	cast	nm4210896
tt15554682	cast	nm4356709
tt15554682	cast	nm6619660
tt15554682	directors	nm5708429
tt15554682	writers	nm5708429
tt15554682	writers	nm12998620
tt15554682	editorial_department	nm8507437
tt15554682	sound_department	nm8718527
tt15554682	sound_department	nm11992368
tt15554682	sound_department	nm11429767
tt15554682	sound_department	nm8196566
tt15554682	sound_department	nm6656770
tt15554682	camera_department	nm8507437
tt15554684	cast	nm12998622
tt15554684	directors	nm12998621
tt15554684	writers	nm12998621
tt15554684	producers	nm5398658
tt15554684	composers	nm10432260
tt15554684	cinematographers	nm5398658
tt15554684	editors	nm5398967
tt15554684	costume_designers	nm12998624
tt15554684	costume_designers	nm12998623
tt15554684	sound_department	nm10095929
tt15554684	production_companies	co0641532
tt15554684	distributors	co0526097
tt15554690	directors	nm9174717
tt15554690	writers	nm9174717
tt15554690	writers	nm9639891
tt15554690	writers	nm8008346
tt15554690	cinematographers	nm1171608
tt15554690	script_department	nm4025225
tt15554708	cast	nm0007106
tt15554708	cast	nm7463704
tt15554708	cast	nm5479132
tt15554708	cast	nm5960086
tt15554708	directors	nm10965511
tt15554708	producers	nm2027867
tt15554708	producers	nm12998683
tt15554708	composers	nm12998684
tt15554708	production_companies	co0855037
tt15554712	cast	nm1921053
tt15554712	cast	nm0475859
tt15554712	cast	nm0837263
tt15554712	directors	nm0840542
tt15554712	writers	nm0840542
tt15554712	producers	nm12998686
tt15554712	producers	nm2244003
tt15554712	production_companies	co0060619
tt15554716	cast	nm0000783
tt15554716	cast	nm10380369
tt15554716	cast	nm0002194
tt15554716	cast	nm0054672
tt15554716	cast	nm0000877
tt15554716	directors	nm9929928
tt15554716	writers	nm12998691
tt15554716	writers	nm0923249
tt15554716	writers	nm0000877
tt15554716	composers	nm0006294
tt15554716	cinematographers	nm9929928
tt15554716	editors	nm0923249
tt15554716	production_companies	co0517782
tt15554716	distributors	co0661330
tt15554728	cast	nm12998695
tt15554728	cast	nm12998696
tt15554728	cast	nm12998694
tt15554728	cast	nm6402023
tt15554728	cast	nm12998697
tt15554728	directors	nm10369147
tt15554728	writers	nm12998700
tt15554728	writers	nm5006099
tt15554728	producers	nm12998701
tt15554728	producers	nm10749905
tt15554728	producers	nm12998702
tt15554728	composers	nm9083829
tt15554728	cinematographers	nm12998703
tt15554728	editors	nm12998704
tt15554728	editors	nm12998705
tt15554728	production_companies	co0884268
tt15554728	production_companies	co0612350
tt15554728	production_companies	co0080997
tt15554750	cast	nm12998739
tt15554750	cast	nm12998740
tt15554750	cast	nm10404273
tt15554750	cast	nm6538371
tt15554750	cast	nm12998741
tt15554750	directors	nm13015630
tt15554750	writers	nm13015630
tt15554750	producers	nm12998743
tt15554750	composers	nm12998740
tt15554750	composers	nm12998739
tt15554750	cinematographers	nm12998744
tt15554750	cinematographers	nm12998746
tt15554750	cinematographers	nm12998745
tt15554750	editors	nm12998747
tt15554750	editors	nm12998745
tt15554750	make_up_department	nm12998748
tt15554750	sound_department	nm12983321
tt15554750	visual_effects	nm12998740
tt15554750	camera_department	nm12998746
tt15554750	costume_departmen	nm10404273
tt15554778	directors	nm5112250
tt15554778	directors	nm7711363
tt15554778	directors	nm10143417
tt15554778	directors	nm11031870
tt15554778	producers	nm11681212
tt15554778	production_companies	co0884271
tt15554794	cast	nm1836657
tt15554794	cast	nm4349094
tt15554794	cast	nm0802251
tt15554794	directors	nm2321771
tt15554794	producers	nm12748122
tt15554794	producers	nm12998874
tt15554794	production_companies	co0884272
tt15554794	distributors	co0762082
tt15554804	cast	nm0141418
tt15554804	cast	nm3796802
tt15554804	cast	nm4830738
tt15554804	cast	nm8056061
tt15554804	cast	nm10743273
tt15554804	directors	nm3309755
tt15554804	writers	nm3309755
tt15554804	writers	nm3307904
tt15554804	producers	nm4172675
tt15554804	producers	nm10977673
tt15554804	producers	nm7358239
tt15554804	composers	nm9769063
tt15554804	cinematographers	nm3309755
tt15554804	editors	nm3309755
tt15554804	editors	nm3307904
tt15554804	editorial_department	nm7094059
tt15554804	art_directors	nm0798623
tt15554804	make_up_department	nm9812804
tt15554804	production_managers	nm1195433
tt15554804	art_department	nm13021011
tt15554804	sound_department	nm4830738
tt15554804	sound_department	nm7375975
tt15554804	sound_department	nm3310006
tt15554804	special_effects	co0567717
tt15554804	visual_effects	nm8592487
tt15554804	visual_effects	nm2752017
tt15554804	visual_effects	nm7094059
tt15554804	visual_effects	nm11195600
tt15554804	camera_department	nm3846875
tt15554804	camera_department	nm13024092
tt15554804	camera_department	nm5210961
tt15554804	camera_department	nm10971649
tt15554804	camera_department	nm5198357
tt15554804	costume_departmen	nm3296288
tt15554804	production_companies	co0262199
tt15554804	distributors	co0471479
tt15554840	cast	nm7366872
tt15554840	cast	nm10836766
tt15554840	cast	nm7443926
tt15554840	cast	nm11836356
tt15554840	cast	nm10951137
tt15554840	directors	nm12886723
tt15554840	writers	nm12886723
tt15554840	producers	nm11438858
tt15554840	producers	nm13006445
tt15554840	composers	nm2868574
tt15554840	composers	nm13004374
tt15554840	composers	nm8710410
tt15554840	cinematographers	nm7971406
tt15554840	editors	nm13003690
tt15554840	editorial_department	nm12772887
tt15554840	production_designers	nm13006481
tt15554840	art_directors	nm13004361
tt15554840	make_up_department	nm12327094
tt15554840	production_managers	nm10970432
tt15554840	production_managers	nm13006482
tt15554840	assistant_directors	nm8526960
tt15554840	assistant_directors	nm5088278
tt15554840	sound_department	nm13004352
tt15554840	sound_department	nm1619246
tt15554840	visual_effects	nm12867372
tt15554840	camera_department	nm10618479
tt15554840	camera_department	nm10106215
tt15554840	costume_departmen	nm13004391
tt15554840	location_management	nm13004394
tt15554840	production_companies	co0791579
tt15554840	distributors	co0888072
tt15554850	directors	nm1488115
tt15554850	writers	nm3901059
tt15554850	writers	nm1488115
tt15554850	producers	nm1488115
tt15554850	editors	nm3901059
tt15554876	directors	nm2366663
tt15554876	writers	nm4231008
tt15554886	cast	nm11801974
tt15554886	cast	nm8317673
tt15554886	cast	nm8577076
tt15554886	directors	nm11721369
tt15554886	writers	nm11721369
tt15554886	producers	nm12539512
tt15554886	composers	nm5466504
tt15554886	cinematographers	nm12612933
tt15554886	casting_directors	nm12539509
tt15554886	production_designers	nm1349680
tt15554886	art_directors	nm1349680
tt15554886	make_up_department	nm11676070
tt15554886	sound_department	nm7476487
tt15554886	camera_department	nm12285400
tt15554886	camera_department	nm9754677
tt15554886	production_companies	co0858123
tt15554890	cast	nm9781903
tt15554890	cast	nm4512244
tt15554890	directors	nm12998967
tt15554890	writers	nm12998967
tt15554890	producers	nm12998968
tt15554914	cast	nm0368990
tt15554914	cast	nm1098018
tt15554914	cast	nm2983527
tt15554914	cast	nm1283171
tt15554914	cast	nm1031587
tt15554914	directors	nm2366663
tt15554914	producers	nm10208719
tt15554914	editors	nm6386285
tt15554914	editors	nm10654023
tt15554914	editorial_department	nm9764985
tt15554914	production_companies	co0884274
tt15554920	cast	nm11690571
tt15554920	cast	nm1198628
tt15554920	directors	nm10745893
tt15554920	writers	nm9159094
tt15554920	producers	nm4450246
tt15554920	sound_department	nm12797185
tt15554920	distributors	co0692549
tt15554920	distributors	co0692549
tt15554928	cast	nm4224187
tt15554928	cast	nm9066645
tt15554928	producers	nm1521381
tt15554928	producers	nm4174626
tt15554928	production_companies	co0786254
tt15554956	writers	nm2932571
tt15554956	producers	nm0577292
tt15554956	producers	nm3244524
tt15554956	production_companies	co0256020
tt15554962	directors	nm10583510
tt15554962	writers	nm10583510
tt15554962	writers	nm10799770
tt15554962	cinematographers	nm10795956
tt15554962	editors	nm11736960
tt15554962	editors	nm10583510
tt15554962	camera_department	nm10799768
tt15554962	camera_department	nm11280766
tt15554962	production_companies	co0810467
tt15554962	distributors	co0810467
tt15554996	cast	nm7541334
tt15554996	cast	nm2281886
tt15554996	cast	nm2143567
tt15554996	cast	nm7607825
tt15554996	cast	nm7043624
tt15554996	directors	nm7541333
tt15554996	writers	nm2396618
tt15554996	producers	nm7541334
tt15554996	producers	nm2594402
tt15554996	cinematographers	nm7194030
tt15554996	editors	nm9598556
tt15554996	casting_directors	nm7541334
tt15554996	costume_designers	nm9055413
tt15554996	make_up_department	nm13049028
tt15554996	make_up_department	nm4042957
tt15554996	production_managers	nm7541334
tt15554996	production_managers	nm13012503
tt15554996	assistant_directors	nm9894742
tt15554996	art_department	nm9723904
tt15554996	art_department	nm9888835
tt15554996	sound_department	nm12248523
tt15554996	camera_department	nm13006961
tt15554996	camera_department	nm12482128
tt15554996	camera_department	nm12475770
tt15554996	camera_department	nm7212282
tt15554996	costume_departmen	nm13103351
tt15554996	script_department	nm9894742
tt15554996	production_companies	co0551389
tt15555052	cast	nm5496702
tt15555052	cast	nm9664746
tt15555052	cast	nm7043624
tt15555052	cast	nm2792295
tt15555052	cast	nm9711972
tt15555052	directors	nm9593947
tt15555052	producers	nm9593947
tt15555052	cinematographers	nm8937999
tt15555052	cinematographers	nm8924658
tt15555052	editors	nm12624092
tt15555052	make_up_department	nm12999185
tt15555052	art_department	nm12807610
tt15555052	sound_department	nm6167033
tt15555052	camera_department	nm11458009
tt15555052	costume_departmen	nm12999184
tt15555052	production_companies	co0710165
tt15555052	production_companies	co0558423
tt15555066	cast	nm11739674
tt15555066	directors	nm11739674
tt15555066	writers	nm11739674
tt15555066	producers	nm11739674
tt15555066	production_companies	co0869359
tt15555066	distributors	co0884289
tt15555144	cast	nm9562364
tt15555144	cast	nm13212702
tt15555144	cast	nm11593485
tt15555144	cast	nm5251622
tt15555144	cast	nm13212700
tt15555144	directors	nm1097663
tt15555144	producers	nm13212748
tt15555144	producers	nm13212749
tt15555144	producers	nm13212740
tt15555144	producers	nm1097663
tt15555144	producers	nm13212751
tt15555144	composers	nm0279940
tt15555144	composers	nm2343002
tt15555144	composers	nm13129413
tt15555144	cinematographers	nm1097663
tt15555144	editors	nm1097663
tt15555144	editors	nm2291460
tt15555144	editorial_department	nm3648726
tt15555144	editorial_department	nm13212905
tt15555144	editorial_department	nm1435693
tt15555144	editorial_department	nm1259475
tt15555144	editorial_department	nm13212908
tt15555144	production_managers	nm2544505
tt15555144	sound_department	nm2932155
tt15555144	sound_department	nm13212842
tt15555144	sound_department	nm4688627
tt15555144	sound_department	nm13212843
tt15555144	camera_department	nm13212741
tt15555144	camera_department	nm3400396
tt15555144	camera_department	nm13212740
tt15555144	camera_department	nm13212743
tt15555144	camera_department	nm13212742
tt15555144	music_department	nm13212886
tt15555144	music_department	nm1342054
tt15555144	music_department	nm2814555
tt15555144	music_department	nm13212887
tt15555144	music_department	nm7438928
tt15555154	cast	nm13269768
tt15555154	directors	nm2972515
tt15555154	producers	nm2972515
tt15555154	cinematographers	nm2556045
tt15555154	cinematographers	nm7130264
tt15555154	editors	nm2972515
tt15555154	editorial_department	nm2556045
tt15555154	sound_department	nm2556045
tt15555202	cast	nm10491768
tt15555202	cast	nm8317089
tt15555202	cast	nm10229438
tt15555202	cast	nm9585120
tt15555202	cast	nm12508314
tt15555202	directors	nm13003246
tt15555202	writers	nm10693371
tt15555202	producers	nm10693371
tt15555202	producers	nm10475606
tt15555202	producers	nm12999246
tt15555202	producers	nm0535963
tt15555202	cinematographers	nm5181321
tt15555202	editors	nm11269058
tt15555202	make_up_department	nm4791459
tt15555202	production_managers	nm13003215
tt15555202	assistant_directors	nm6677526
tt15555202	sound_department	nm7723960
tt15555202	sound_department	nm8720166
tt15555202	special_effects	nm2447879
tt15555202	stunts	nm8402786
tt15555202	camera_department	nm5694820
tt15555202	costume_departmen	nm12070553
tt15555202	script_department	nm13003217
tt15555202	script_department	nm10895432
tt15555202	production_companies	co0690539
tt15555264	cast	nm10514772
tt15555264	cast	nm5586767
tt15555264	directors	nm2320378
tt15555264	cinematographers	nm5813771
tt15555492	directors	nm0319419
tt15555492	writers	nm0319419
tt15555492	producers	nm0319419
tt15555492	production_companies	co0073385
tt15555492	distributors	co0658162
tt15555728	cast	nm12999409
tt15555728	cast	nm12999410
tt15555728	cast	nm12999411
tt15555728	cast	nm5063210
tt15555728	cast	nm12999412
tt15555728	directors	nm2085393
tt15555728	writers	nm2085393
tt15555728	producers	nm12999416
tt15555728	producers	nm2085393
tt15555728	producers	nm12999415
tt15555728	producers	nm12637505
tt15555728	composers	nm12999417
tt15555728	cinematographers	nm12999418
tt15555728	editors	nm4853976
tt15555728	production_designers	nm8691817
tt15555728	sound_department	nm2260088
tt15556636	cast	nm3072816
tt15556636	cast	nm1126960
tt15556636	cast	nm12999602
tt15556636	cast	nm12999599
tt15556636	cast	nm12999601
tt15556636	directors	nm0637838
tt15556636	directors	nm4935793
tt15556636	writers	nm5066484
tt15556636	writers	nm0637838
tt15556636	producers	nm8503903
tt15556636	producers	nm9762532
tt15556636	producers	nm8773388
tt15556636	producers	nm10641876
tt15556636	producers	nm11942175
tt15556636	composers	nm13219310
tt15556636	cinematographers	nm4936562
tt15556636	editors	nm1320408
tt15556636	casting_directors	nm11998075
tt15556636	art_directors	nm6041770
tt15556636	make_up_department	nm13219311
tt15556636	assistant_directors	nm8718599
tt15556636	assistant_directors	nm12231464
tt15556636	sound_department	nm1621468
tt15556636	sound_department	nm10929250
tt15556636	visual_effects	nm10345850
tt15556636	costume_departmen	nm2540016
tt15556636	script_department	nm9984956
tt15556636	production_companies	co0884304
tt15557144	directors	nm0679031
tt15557144	writers	nm6812889
tt15557144	producers	nm3989165
tt15557144	production_companies	co0597458
tt15557244	writers	nm1567952
tt15557244	producers	nm3989165
tt15557244	production_companies	co0597458
tt15557288	directors	nm1985745
tt15557288	writers	nm2122762
tt15557288	producers	nm3989165
tt15557314	cast	nm1224134
tt15557314	cast	nm13010040
tt15557314	cast	nm13034097
tt15557314	cast	nm0692586
tt15557314	cast	nm0720763
tt15557314	directors	nm10023203
tt15557314	writers	nm10023203
tt15557314	producers	nm11583939
tt15557314	composers	nm5518590
tt15557314	cinematographers	nm0024263
tt15557314	editors	nm4076047
tt15557314	production_designers	nm13176557
tt15557314	costume_designers	nm13036726
tt15557314	production_companies	co0800450
tt15557314	distributors	co0546496
tt15557350	directors	nm0403051
tt15557350	writers	nm0373388
tt15557350	producers	nm3989165
tt15557434	directors	nm9683819
tt15557434	sound_department	nm8412494
tt15557434	production_companies	co0335077
tt15557434	production_companies	co0125554
tt15557438	writers	nm1184676
tt15557438	producers	nm3989165
tt15557438	production_companies	co0597458
tt1555747	cast	nm1088527
tt1555747	cast	nm4241333
tt1555747	cast	nm1091328
tt1555747	cast	nm1092706
tt1555747	cast	nm3294558
tt1555747	directors	nm0236226
tt1555747	writers	nm1088527
tt1555747	writers	nm1091328
tt1555747	writers	nm0236226
tt1555747	producers	nm0052638
tt1555747	producers	nm0236226
tt1555747	producers	nm1088527
tt1555747	producers	nm1093545
tt1555747	producers	nm1091328
tt1555747	cinematographers	nm2307210
tt1555747	editors	nm0363094
tt1555747	editorial_department	nm2279736
tt1555747	editorial_department	nm1104942
tt1555747	editorial_department	nm1132870
tt1555747	editorial_department	nm3722095
tt1555747	casting_directors	nm0279234
tt1555747	art_directors	nm2548142
tt1555747	set_decorators	nm3543368
tt1555747	set_decorators	nm1624583
tt1555747	set_decorators	nm3712288
tt1555747	set_decorators	nm3722916
tt1555747	costume_designers	nm0405032
tt1555747	make_up_department	nm1287141
tt1555747	make_up_department	nm3909227
tt1555747	make_up_department	nm0727299
tt1555747	production_managers	nm0824361
tt1555747	assistant_directors	nm1626951
tt1555747	assistant_directors	nm1467667
tt1555747	assistant_directors	nm0999429
tt1555747	assistant_directors	nm1727284
tt1555747	assistant_directors	nm3353872
tt1555747	art_department	nm2866970
tt1555747	art_department	nm0244920
tt1555747	art_department	nm0615052
tt1555747	art_department	nm3529002
tt1555747	sound_department	nm3292373
tt1555747	sound_department	nm0232045
tt1555747	sound_department	nm0307483
tt1555747	sound_department	nm1208575
tt1555747	sound_department	nm2985053
tt1555747	special_effects	nm1333115
tt1555747	special_effects	nm1706529
tt1555747	visual_effects	nm3492619
tt1555747	visual_effects	nm5441767
tt1555747	stunts	nm0079826
tt1555747	stunts	nm0824311
tt1555747	stunts	nm1253917
tt1555747	camera_department	nm0071633
tt1555747	camera_department	nm3867922
tt1555747	camera_department	nm0175502
tt1555747	camera_department	nm0256802
tt1555747	camera_department	nm1640641
tt1555747	casting_department	nm1221685
tt1555747	costume_departmen	nm1627285
tt1555747	costume_departmen	nm3720846
tt1555747	costume_departmen	nm3050844
tt1555747	location_management	nm1175702
tt1555747	location_management	nm0437188
tt1555747	location_management	nm0714858
tt1555747	location_management	nm1731175
tt1555747	location_management	nm0813191
tt1555747	music_department	nm1247200
tt1555747	script_department	nm0567927
tt1555747	transportation_department	nm3050918
tt1555747	transportation_department	nm3049485
tt1555747	transportation_department	nm2874854
tt1555747	transportation_department	nm1668307
tt1555747	transportation_department	nm2623512
tt1555747	production_companies	co0290672
tt1555747	distributors	co0760839
tt1555747	distributors	co0825538
tt15557502	cast	nm10494250
tt15557502	cast	nm12999963
tt15557502	cast	nm12999962
tt15557502	cast	nm11285677
tt15557502	cast	nm12999964
tt15557502	directors	nm12999962
tt15557502	writers	nm12863355
tt15557502	writers	nm12999965
tt15557502	writers	nm12999962
tt15557502	producers	nm12863355
tt15557502	composers	nm12999966
tt15557502	cinematographers	nm12999969
tt15557502	editors	nm12999969
tt15557502	make_up_department	nm13003110
tt15557502	make_up_department	nm13003111
tt15557502	make_up_department	nm11385749
tt15557502	make_up_department	nm13003112
tt15557502	art_department	nm13014206
tt15557502	camera_department	nm13003053
tt15557502	camera_department	nm13003052
tt15557502	camera_department	nm13014194
tt15557502	production_companies	co0884314
tt1555751	directors	nm0489995
tt1555751	writers	nm3705518
tt1555751	writers	nm0489995
tt1555751	producers	nm0346701
tt1555751	producers	nm0489995
tt1555751	composers	nm0343322
tt1555751	cinematographers	nm0489995
tt1555751	editors	nm2833780
tt1555751	editors	nm0489995
tt1555751	production_companies	co0093409
tt1555751	production_companies	co0045499
tt1555751	distributors	co0223436
tt1555754	cast	nm0154146
tt1555754	cast	nm0060607
tt1555754	cast	nm1702868
tt1555754	cast	nm1739500
tt1555754	cast	nm3354068
tt1555754	directors	nm0315916
tt1555754	writers	nm0315916
tt1555754	writers	nm0315916
tt1555754	producers	nm3439866
tt1555754	producers	nm3011719
tt1555754	composers	nm1893765
tt1555754	composers	nm1892895
tt1555754	cinematographers	nm2954841
tt1555754	editors	nm0593942
tt1555754	editorial_department	nm2081877
tt1555754	editorial_department	nm2571801
tt1555754	editorial_department	nm6095980
tt1555754	editorial_department	nm3566871
tt1555754	production_designers	nm2768503
tt1555754	art_directors	nm1136226
tt1555754	costume_designers	nm3718087
tt1555754	costume_designers	nm3718394
tt1555754	make_up_department	nm2073697
tt1555754	make_up_department	nm3704749
tt1555754	make_up_department	nm3717364
tt1555754	make_up_department	nm3258548
tt1555754	make_up_department	nm3718701
tt1555754	production_managers	nm8970778
tt1555754	production_managers	nm3930256
tt1555754	assistant_directors	nm1911960
tt1555754	assistant_directors	nm2084949
tt1555754	assistant_directors	nm3717562
tt1555754	assistant_directors	nm2076428
tt1555754	art_department	nm3717218
tt1555754	art_department	nm3717012
tt1555754	art_department	nm1897658
tt1555754	visual_effects	nm2571801
tt1555754	camera_department	nm2954841
tt1555754	camera_department	nm1951921
tt1555754	costume_departmen	nm3716910
tt1555754	production_companies	co0261932
tt1555754	distributors	co0261932
tt15557692	cast	nm10257045
tt15557692	cast	nm9155118
tt15557692	cast	nm10129193
tt15557692	cast	nm11061660
tt15557692	directors	nm8720641
tt15557692	producers	nm8720641
tt15557692	editors	nm8720641
tt15557692	production_companies	co0710755
tt15557864	cast	nm0111232
tt15557864	directors	nm2037593
tt15557864	producers	nm2037593
tt15557864	editors	nm0493798
tt15557864	production_companies	co0792689
tt15557864	distributors	co0792689
tt15557896	cast	nm8831209
tt15557896	cast	nm9588696
tt15557896	directors	nm9588696
tt15557896	directors	nm8831209
tt15557896	writers	nm9588696
tt15557896	writers	nm8831209
tt15557896	producers	nm9588696
tt15557896	producers	nm8831209
tt15557896	cinematographers	nm9588696
tt15557902	cast	nm13000099
tt15557902	cast	nm13000097
tt15557902	cast	nm13000100
tt15557902	cast	nm13000101
tt15557902	cast	nm13000102
tt15557902	directors	nm10808355
tt15557902	writers	nm13000103
tt15557902	producers	nm10808355
tt15557902	cinematographers	nm11147375
tt15557902	editors	nm10808355
tt15557902	editors	nm8213635
tt15557902	camera_department	nm13000443
tt15557902	location_management	nm13000444
tt15557902	script_department	nm13000098
tt15557902	production_companies	co0753219
tt15557994	cast	nm13000139
tt15557994	directors	nm13000139
tt15557994	writers	nm13000139
tt15557994	producers	nm13000139
tt15557994	production_companies	co0884330
tt15557994	distributors	co0884330
tt1555803	cast	nm0148516
tt1555803	cast	nm0331206
tt1555803	cast	nm0437889
tt1555803	cast	nm0837747
tt1555803	cast	nm0031527
tt1555803	directors	nm1216417
tt1555803	writers	nm1905057
tt1555803	composers	nm3707868
tt1555803	stunts	nm0890529
tt1555803	production_companies	co0616083
tt1555803	production_companies	co0114167
tt15558040	writers	nm2360823
tt15558040	production_companies	co0644194
tt15558054	cast	nm4009009
tt15558054	cast	nm8521564
tt15558054	cast	nm0523500
tt15558054	cast	nm0661262
tt15558054	cast	nm2895992
tt15558054	directors	nm9443913
tt15558054	writers	nm9443913
tt15558054	writers	nm9443913
tt15558054	producers	nm0215842
tt15558054	producers	nm0741024
tt15558054	producers	nm0215861
tt15558054	producers	nm1355133
tt15558054	producers	nm2790143
tt15558054	composers	nm4463015
tt15558054	cinematographers	nm2515844
tt15558054	editors	nm11026429
tt15558054	editorial_department	nm8161479
tt15558054	editorial_department	nm3553781
tt15558054	editorial_department	nm9085564
tt15558054	editorial_department	nm4954084
tt15558054	editorial_department	nm8308618
tt15558054	production_designers	nm3121567
tt15558054	art_directors	nm7037447
tt15558054	make_up_department	nm4585618
tt15558054	make_up_department	nm5433351
tt15558054	production_managers	nm5962595
tt15558054	assistant_directors	nm9878496
tt15558054	art_department	nm10827731
tt15558054	art_department	nm10938769
tt15558054	art_department	nm11505619
tt15558054	art_department	nm4987410
tt15558054	art_department	nm4554972
tt15558054	sound_department	nm8915008
tt15558054	visual_effects	nm12308379
tt15558054	camera_department	nm8061700
tt15558054	camera_department	nm6558256
tt15558054	camera_department	nm6571495
tt15558054	camera_department	nm3104666
tt15558054	camera_department	nm4722440
tt15558054	costume_departmen	nm12986495
tt15558054	costume_departmen	nm11409185
tt15558054	costume_departmen	nm5433351
tt15558054	location_management	nm9443914
tt15558054	location_management	nm13002200
tt15558054	location_management	nm13002199
tt15558054	location_management	nm13002201
tt15558054	music_department	nm10004288
tt15558054	music_department	nm3494800
tt15558054	music_department	nm6701439
tt15558054	music_department	nm11163651
tt15558054	music_department	nm11163650
tt15558054	transportation_department	nm13002203
tt15558054	transportation_department	nm13002209
tt15558054	transportation_department	nm13002204
tt15558054	transportation_department	nm13002210
tt15558054	transportation_department	nm13002206
tt15558054	production_companies	co0046157
tt15558054	production_companies	co0760394
tt15558054	distributors	co0853115
tt15558098	writers	nm8581494
tt15558098	producers	nm2302559
tt15558098	producers	nm2848047
tt15558098	production_companies	co0319272
tt15558098	production_companies	co0825633
tt1555814	cast	nm3636174
tt1555814	cast	nm2378491
tt1555814	cast	nm2365196
tt1555814	cast	nm3637082
tt1555814	cast	nm3637096
tt1555814	directors	nm1584895
tt1555814	writers	nm3360136
tt1555814	producers	nm1584895
tt1555814	producers	nm3360136
tt1555814	composers	nm4220573
tt1555814	composers	nm4219429
tt1555814	cinematographers	nm1584895
tt1555814	cinematographers	nm2692525
tt1555814	editors	nm1584895
tt1555814	casting_directors	nm4221510
tt1555814	art_directors	nm4219152
tt1555814	set_decorators	nm4220141
tt1555814	costume_designers	nm1433994
tt1555814	make_up_department	nm3910054
tt1555814	make_up_department	nm3631229
tt1555814	make_up_department	nm3895242
tt1555814	make_up_department	nm3899867
tt1555814	production_managers	nm1763972
tt1555814	art_department	nm4219152
tt1555814	sound_department	nm2836136
tt1555814	camera_department	nm3773071
tt1555814	camera_department	nm1584895
tt1555814	camera_department	nm2692525
tt1555814	camera_department	nm2644205
tt1555814	camera_department	nm3910059
tt1555814	casting_department	nm3634812
tt1555814	casting_department	nm0017195
tt1555814	casting_department	nm3360136
tt1555814	casting_department	nm3267016
tt1555814	costume_departmen	nm3899917
tt1555814	costume_departmen	nm3900123
tt1555814	transportation_department	nm4220016
tt1555814	transportation_department	nm4219053
tt1555814	production_companies	co0304079
tt1555814	production_companies	co0267607
tt15558154	directors	nm0189804
tt15558154	directors	nm6481916
tt15558154	producers	nm0189804
tt15558154	producers	nm0193135
tt15558154	producers	nm6481916
tt15558154	producers	nm5151282
tt15558154	producers	nm11921971
tt15558154	cinematographers	nm2610480
tt15558154	editors	nm0189804
tt15558154	editors	nm2610480
tt15558154	production_companies	co0641057
tt15558154	production_companies	co0720562
tt15558166	cast	nm2169414
tt15558166	directors	nm2169414
tt15558166	writers	nm2169414
tt15558166	producers	nm2169414
tt15558166	production_companies	co0858686
tt15558166	distributors	co0858686
tt15558178	cast	nm3034501
tt15558178	cast	nm5043859
tt15558178	cast	nm6639989
tt15558178	cast	nm10559705
tt15558178	cast	nm6783752
tt15558178	directors	nm7396309
tt15558178	writers	nm7396309
tt15558178	producers	nm3407536
tt15558178	producers	nm12344291
tt15558178	producers	nm2748679
tt15558178	producers	nm4756199
tt15558178	producers	nm4720100
tt15558178	composers	nm1548770
tt15558178	cinematographers	nm3560491
tt15558178	editors	nm2835702
tt15558178	casting_directors	nm0373519
tt15558178	casting_directors	nm1090456
tt15558178	production_designers	nm5608236
tt15558178	art_directors	nm5151731
tt15558178	costume_designers	nm8497191
tt15558178	make_up_department	nm6531186
tt15558178	make_up_department	nm5550197
tt15558178	assistant_directors	nm5897739
tt15558178	art_department	nm9911220
tt15558178	art_department	nm13009108
tt15558178	art_department	nm10435005
tt15558178	art_department	nm13009109
tt15558178	art_department	nm12725347
tt15558178	sound_department	nm9490259
tt15558178	camera_department	nm13009111
tt15558178	camera_department	nm13009110
tt15558178	camera_department	nm7407367
tt15558178	camera_department	nm5385806
tt15558178	camera_department	nm7424760
tt15558178	location_management	nm5118037
tt15558178	location_management	nm13009113
tt15558178	location_management	nm13009116
tt15558178	location_management	nm13009114
tt15558178	location_management	nm13009115
tt15558178	production_companies	co0503924
tt15558178	production_companies	co0747471
tt15558182	cast	nm12744246
tt15558182	cast	nm12695366
tt15558182	cast	nm7504157
tt15558182	cast	nm13221407
tt15558182	cast	nm7263882
tt15558182	directors	nm9772996
tt15558182	directors	nm12695366
tt15558182	writers	nm13000336
tt15558182	writers	nm9772996
tt15558182	writers	nm12695366
tt15558182	producers	nm9772996
tt15558182	producers	nm12695366
tt15558182	composers	nm9772996
tt15558182	cinematographers	nm6724169
tt15558182	editors	nm13000337
tt15558182	editors	nm6724169
tt15558182	costume_designers	nm12381800
tt15558182	make_up_department	nm12381800
tt15558182	sound_department	nm12724510
tt15558182	production_companies	co0857244
tt15558182	production_companies	co0775314
tt15558182	production_companies	co0869210
tt15558182	distributors	co0857244
tt15558212	cast	nm0453304
tt15558212	cast	nm3199188
tt15558212	cast	nm0858975
tt15558212	cast	nm0121582
tt15558212	cast	nm5348353
tt15558212	directors	nm0767339
tt15558212	writers	nm3867182
tt15558212	writers	nm12422991
tt15558212	writers	nm0767339
tt15558212	producers	nm3867182
tt15558212	producers	nm12422991
tt15558212	producers	nm13024095
tt15558212	producers	nm4286936
tt15558212	producers	nm0845791
tt15558212	cinematographers	nm0316172
tt15558212	cinematographers	nm0836784
tt15558212	editors	nm4285836
tt15558212	art_directors	nm13024095
tt15558212	make_up_department	nm7807066
tt15558212	make_up_department	nm7095641
tt15558212	production_managers	nm2425391
tt15558212	assistant_directors	nm2425391
tt15558212	assistant_directors	nm2063780
tt15558212	sound_department	nm4783087
tt15558212	sound_department	nm8831965
tt15558212	special_effects	nm7807066
tt15558212	special_effects	nm7095641
tt15558212	camera_department	nm1852669
tt15558212	camera_department	nm13146539
tt15558212	camera_department	nm13147487
tt15558212	camera_department	nm0179486
tt15558212	camera_department	nm13147522
tt15558212	costume_departmen	nm7807066
tt15558212	costume_departmen	nm7095641
tt15558212	script_department	nm11483942
tt15558212	production_companies	co0884338
tt15558212	production_companies	co0795603
tt15558228	writers	nm2448917
tt15558228	writers	nm4105248
tt15558254	writers	nm2448917
tt15558254	writers	nm4105248
tt15558254	producers	nm1698571
tt15558254	producers	nm8100336
tt15558254	producers	nm3303264
tt15558254	production_companies	co0625743
tt15558254	production_companies	co0345956
tt15558266	directors	nm11987180
tt15558266	directors	nm12119470
tt15558266	writers	nm11987180
tt15558266	writers	nm12119470
tt15558266	production_companies	co0884340
tt1555827	cast	nm2538653
tt1555827	directors	nm3590895
tt1555827	writers	nm3590895
tt1555827	producers	nm3679359
tt1555827	editors	nm3590895
tt15558308	cast	nm5914949
tt15558308	cast	nm8155399
tt15558308	cast	nm2105497
tt15558308	directors	nm5872383
tt1555830	cast	nm0109277
tt1555830	cast	nm10214275
tt1555830	cast	nm0266890
tt1555830	cast	nm0277085
tt1555830	cast	nm1616612
tt1555830	directors	nm2406887
tt1555830	writers	nm2406887
tt1555830	writers	nm1847824
tt1555830	composers	nm0853598
tt1555830	cinematographers	nm0130846
tt1555830	editors	nm1842049
tt1555830	editorial_department	nm1308311
tt1555830	editorial_department	nm1919303
tt1555830	editorial_department	nm1181956
tt1555830	casting_directors	nm1656998
tt1555830	production_designers	nm0535579
tt1555830	make_up_department	nm0575280
tt1555830	production_managers	nm1181956
tt1555830	production_managers	nm1284334
tt1555830	production_managers	nm1982075
tt1555830	assistant_directors	nm7472147
tt1555830	assistant_directors	nm3046498
tt1555830	art_department	nm2063772
tt1555830	sound_department	nm0134938
tt1555830	sound_department	nm0223914
tt1555830	visual_effects	nm1919303
tt1555830	visual_effects	nm1283944
tt1555830	camera_department	nm1188740
tt1555830	script_department	nm1012155
tt1555830	production_companies	co0312713
tt1555830	production_companies	co0066197
tt1555830	production_companies	co0312710
tt1555830	production_companies	co0022818
tt1555830	production_companies	co0126647
tt1555830	distributors	co0312397
tt1555830	distributors	co0347055
tt1555830	distributors	co0047527
tt1555832	cast	nm0031506
tt1555832	cast	nm1693113
tt1555832	cast	nm1138855
tt1555832	cast	nm2804225
tt1555832	cast	nm0109253
tt1555832	directors	nm0889402
tt1555832	writers	nm0889402
tt1555832	writers	nm0889403
tt1555832	producers	nm0303004
tt1555832	composers	nm0006325
tt1555832	editorial_department	nm1634020
tt1555832	editorial_department	nm3785037
tt1555832	editorial_department	nm1273105
tt1555832	editorial_department	nm9238863
tt1555832	casting_directors	nm0320314
tt1555832	costume_designers	nm1561152
tt1555832	make_up_department	nm3562505
tt1555832	make_up_department	nm2967665
tt1555832	production_managers	nm1359277
tt1555832	production_managers	nm3018121
tt1555832	production_managers	nm3725904
tt1555832	assistant_directors	nm2082140
tt1555832	art_department	nm3459314
tt1555832	art_department	nm2142634
tt1555832	art_department	nm3656527
tt1555832	sound_department	nm2800389
tt1555832	sound_department	nm2786037
tt1555832	sound_department	nm0031747
tt1555832	sound_department	nm1325778
tt1555832	sound_department	nm2592079
tt1555832	visual_effects	nm1634020
tt1555832	stunts	nm0637018
tt1555832	stunts	nm0637024
tt1555832	stunts	nm2181131
tt1555832	camera_department	nm1275254
tt1555832	camera_department	nm1216270
tt1555832	camera_department	nm1346457
tt1555832	camera_department	nm0527788
tt1555832	camera_department	nm1261362
tt1555832	costume_departmen	nm5962410
tt1555832	costume_departmen	nm1338916
tt1555832	music_department	nm0008599
tt1555832	music_department	nm2728234
tt1555832	music_department	nm3857238
tt1555832	music_department	nm2893574
tt1555832	music_department	nm0834015
tt1555832	production_companies	co0009504
tt1555832	distributors	co0064614
tt15558342	directors	nm13000427
tt15558342	writers	nm13000427
tt15558342	producers	nm13000427
tt15558342	composers	nm13000427
tt15558342	music_department	nm13000429
tt15558342	music_department	nm13000427
tt15558342	music_department	nm13000428
tt15558342	music_department	nm13000431
tt15558342	music_department	nm13000430
tt15558350	cast	nm13000435
tt15558350	cast	nm6642154
tt15558350	cast	nm13000436
tt15558350	cast	nm3235733
tt15558350	cast	nm13000434
tt15558350	directors	nm12353123
tt15558350	producers	nm13000437
tt15558350	producers	nm13136731
tt15558350	cinematographers	nm13000438
tt15558350	editorial_department	nm11637508
tt15558350	art_department	nm13136278
tt15558350	sound_department	nm10222132
tt15558350	visual_effects	nm13136280
tt15558350	camera_department	nm13000437
tt15558350	camera_department	nm3096669
tt15558350	camera_department	nm10777122
tt15558350	camera_department	nm13000438
tt15558350	camera_department	nm13136730
tt15558350	music_department	nm13136279
tt15558350	production_companies	co0884341
tt15558350	distributors	co0884341
tt1555835	cast	nm2725757
tt1555835	cast	nm1352595
tt1555835	cast	nm3796676
tt1555835	cast	nm4784413
tt1555835	cast	nm0005264
tt1555835	directors	nm2196789
tt1555835	producers	nm2250534
tt1555835	producers	nm1360049
tt1555835	production_managers	nm1360049
tt1555835	production_managers	nm2819667
tt1555835	camera_department	nm2254353
tt1555835	production_companies	co0172768
tt1555835	distributors	co0271973
tt15558362	directors	nm2943444
tt15558362	writers	nm2943444
tt15558362	producers	nm6200792
tt15558362	producers	nm2943444
tt15558362	producers	nm1062656
tt15558362	producers	nm2201982
tt15558362	producers	nm9343156
tt15558362	camera_department	nm3753704
tt15558362	casting_department	nm1220565
tt15558362	casting_department	nm1000737
tt1555839	cast	nm4056756
tt1555839	directors	nm3704548
tt1555839	producers	nm3705473
tt1555839	producers	nm1931062
tt1555839	cinematographers	nm3705027
tt1555839	cinematographers	nm3705874
tt1555839	cinematographers	nm3704570
tt1555839	editors	nm3704548
tt1555839	editorial_department	nm3705027
tt1555839	art_department	nm3235154
tt1555839	camera_department	nm3611834
tt1555839	camera_department	nm3704626
tt1555839	camera_department	nm3706072
tt1555839	camera_department	nm3704661
tt1555839	camera_department	nm3704644
tt1555839	production_companies	co0290714
tt1555839	distributors	co0290714
tt1555840	cast	nm3708039
tt1555840	cast	nm3707922
tt1555840	cast	nm3704725
tt1555840	cast	nm3704655
tt1555840	cast	nm3704551
tt1555840	directors	nm3706061
tt1555840	writers	nm3706061
tt1555840	writers	nm3706061
tt1555840	producers	nm3706061
tt1555840	composers	nm3705374
tt1555840	composers	nm3705647
tt1555840	editors	nm1794142
tt1555840	editorial_department	nm1794142
tt1555840	assistant_directors	nm3704484
tt1555840	production_companies	co0365063
tt1555840	distributors	co0158822
tt1555841	directors	nm2660218
tt1555841	writers	nm2660218
tt1555841	producers	nm2660218
tt1555841	cinematographers	nm2660218
tt1555841	editors	nm2660218
tt1555841	distributors	co0210210
tt1555855	cast	nm2383381
tt1555855	cast	nm2352792
tt1555855	cast	nm2325865
tt1555855	cast	nm1991928
tt1555855	cast	nm2387593
tt1555855	directors	nm2384823
tt1555855	writers	nm2384823
tt1555855	composers	nm2766001
tt1555855	cinematographers	nm2010725
tt1555855	editors	nm2372287
tt15558638	cast	nm11067879
tt15558638	cast	nm8001323
tt15558638	cast	nm7732622
tt15558638	cast	nm8007406
tt15558638	cast	nm11067886
tt15558638	directors	nm8001323
tt15558638	writers	nm8001323
tt15558638	producers	nm8001323
tt15558638	editors	nm8001323
tt15558638	production_companies	co0723858
tt15558638	distributors	co0723858
tt1555864	cast	nm3704883
tt1555864	cast	nm2043294
tt1555864	cast	nm0002029
tt1555864	cast	nm0352157
tt1555864	cast	nm0536930
tt1555864	directors	nm3708537
tt1555864	writers	nm3708537
tt1555864	writers	nm3708537
tt1555864	writers	nm0706178
tt1555864	producers	nm3865142
tt1555864	producers	nm3866192
tt1555864	editors	nm1551602
tt1555864	production_designers	nm4357791
tt1555864	costume_designers	nm2534135
tt1555864	make_up_department	nm4145735
tt1555864	assistant_directors	nm2602917
tt1555864	assistant_directors	nm3813262
tt1555864	assistant_directors	nm4691991
tt1555864	art_department	nm4357791
tt1555864	art_department	nm1287203
tt1555864	sound_department	nm1396440
tt1555864	sound_department	nm2939907
tt1555864	sound_department	nm3547746
tt1555864	sound_department	nm0995833
tt1555864	visual_effects	nm3090090
tt1555864	visual_effects	nm3090206
tt1555864	camera_department	nm10155528
tt1555864	music_department	nm1238310
tt1555864	music_department	nm2534467
tt1555864	music_department	nm4818050
tt1555864	music_department	nm0995833
tt1555864	production_companies	co0323543
tt1555864	distributors	co0274435
tt1555894	cast	nm2853733
tt1555894	cast	nm1266058
tt1555894	cast	nm2547176
tt1555894	cast	nm3704802
tt1555894	cast	nm1099341
tt1555894	directors	nm0577324
tt1555894	producers	nm3313987
tt1555894	casting_directors	nm3207317
tt1555894	production_managers	nm5773783
tt1555894	production_companies	co0262222
tt1555895	cast	nm2621991
tt1555895	cast	nm2680501
tt1555895	cast	nm3311638
tt1555895	cast	nm2965191
tt1555895	cast	nm3704453
tt1555895	directors	nm0559285
tt1555895	writers	nm3015321
tt1555895	producers	nm3015502
tt1555895	producers	nm3015819
tt1555895	assistant_directors	nm2776746
tt1555895	assistant_directors	nm4682366
tt1555895	sound_department	nm3024282
tt1555895	production_companies	co0213971
tt1555895	distributors	co0281709
tt1555896	cast	nm7864331
tt1555896	cast	nm7864330
tt1555896	directors	nm0300880
tt1555896	cinematographers	nm0300880
tt1555896	cinematographers	nm5498487
tt1555896	editors	nm5498487
tt1555896	sound_department	nm5498487
tt1555896	production_companies	co0473366
tt1555896	distributors	co0473366
tt1555900	directors	nm3329116
tt1555900	directors	nm2773234
tt1555900	writers	nm3329116
tt1555900	writers	nm2773234
tt1555900	composers	nm3662311
tt1555900	cinematographers	nm3508141
tt1555900	cinematographers	nm3717527
tt1555900	cinematographers	nm3717889
tt1555900	editors	nm3717343
tt1555900	sound_department	nm3717885
tt1555900	sound_department	nm3250944
tt1555900	production_companies	co0233077
tt1555900	production_companies	co0290895
tt1555900	production_companies	co0233190
tt1555901	cast	nm1296472
tt1555901	cast	nm1817740
tt1555901	cast	nm0729461
tt1555901	cast	nm1751303
tt1555901	cast	nm0209660
tt1555901	directors	nm0721219
tt1555901	writers	nm1296472
tt1555901	writers	nm0721219
tt1555901	writers	nm0650988
tt1555901	writers	nm1296472
tt1555901	producers	nm1514663
tt1555901	producers	nm2396053
tt1555901	producers	nm1296472
tt1555901	producers	nm1516827
tt1555901	composers	nm0489441
tt1555901	cinematographers	nm1301066
tt1555901	editors	nm1282537
tt1555901	editors	nm2344542
tt1555901	editorial_department	nm2843631
tt1555901	editorial_department	nm1282537
tt1555901	editorial_department	nm3080363
tt1555901	editorial_department	nm2344542
tt1555901	editorial_department	nm3641227
tt1555901	production_designers	nm3280336
tt1555901	make_up_department	nm3437645
tt1555901	make_up_department	nm4992366
tt1555901	make_up_department	nm2410849
tt1555901	make_up_department	nm4992052
tt1555901	make_up_department	nm3211238
tt1555901	production_managers	nm2946764
tt1555901	production_managers	nm2907160
tt1555901	production_managers	nm3489815
tt1555901	production_managers	nm2513286
tt1555901	assistant_directors	nm2977766
tt1555901	art_department	nm4992231
tt1555901	art_department	nm4821610
tt1555901	art_department	nm4237170
tt1555901	art_department	nm4372176
tt1555901	art_department	nm4992167
tt1555901	sound_department	nm3495364
tt1555901	sound_department	nm3520754
tt1555901	sound_department	nm3605750
tt1555901	sound_department	nm1389452
tt1555901	sound_department	nm0406889
tt1555901	special_effects	nm3712437
tt1555901	special_effects	nm3099815
tt1555901	special_effects	nm1335997
tt1555901	visual_effects	nm3379792
tt1555901	visual_effects	nm3870488
tt1555901	visual_effects	nm3388173
tt1555901	visual_effects	nm3387261
tt1555901	visual_effects	nm3511568
tt1555901	stunts	nm4047903
tt1555901	stunts	nm1072397
tt1555901	stunts	nm3471761
tt1555901	stunts	nm4229357
tt1555901	stunts	nm4991643
tt1555901	camera_department	nm2118810
tt1555901	camera_department	nm0032579
tt1555901	camera_department	nm3017561
tt1555901	camera_department	nm2775859
tt1555901	camera_department	nm4300333
tt1555901	costume_departmen	nm4991703
tt1555901	costume_departmen	nm3388609
tt1555901	costume_departmen	nm3437343
tt1555901	costume_departmen	nm3036623
tt1555901	costume_departmen	nm3688103
tt1555901	music_department	nm3669032
tt1555901	music_department	nm2776212
tt1555901	music_department	nm4211831
tt1555901	transportation_department	nm4992072
tt1555901	transportation_department	nm3383686
tt1555901	transportation_department	nm4991789
tt1555901	transportation_department	nm1855216
tt1555901	transportation_department	nm4991728
tt1555901	production_companies	co0084290
tt1555901	production_companies	co0089358
tt1555901	production_companies	co0166773
tt1555901	distributors	co0084290
tt1555904	cast	nm3704874
tt1555904	cast	nm3704795
tt1555904	cast	nm3704467
tt1555904	directors	nm2253272
tt1555904	directors	nm3683786
tt1555904	producers	nm3704897
tt1555904	composers	nm3704624
tt1555904	cinematographers	nm2253272
tt1555904	cinematographers	nm3683786
tt1555904	editors	nm2050643
tt1555904	sound_department	nm3704470
tt1555904	production_companies	co0016065
tt1555906	directors	nm0473440
tt1555920	directors	nm2623044
tt1555920	writers	nm2623044
tt1555920	composers	nm3716280
tt1555920	cinematographers	nm3504005
tt1555920	editors	nm2559681
tt1555920	production_companies	co0260004
tt1555921	directors	nm3717818
tt1555921	writers	nm3717818
tt1555921	producers	nm2968894
tt1555921	producers	nm3717818
tt1555921	editors	nm3717818
tt1555923	cast	nm3704591
tt1555923	cast	nm3024307
tt1555923	cast	nm1099341
tt1555923	cast	nm1001160
tt1555923	cast	nm1506829
tt1555923	directors	nm3714424
tt1555923	writers	nm3704853
tt1555923	writers	nm9511037
tt1555923	writers	nm3714424
tt1555923	producers	nm3704853
tt1555923	producers	nm3713275
tt1555923	production_companies	co0249232
tt1555923	production_companies	co0291171
tt15559276	cast	nm9698631
tt15559276	cast	nm2816381
tt15559276	cast	nm3844052
tt15559276	cast	nm13000546
tt15559276	cast	nm10065089
tt15559276	directors	nm13000214
tt15559276	writers	nm13000214
tt15559276	producers	nm13000214
tt15559276	composers	nm9065893
tt15559276	cinematographers	nm9065890
tt15559276	editors	nm9065890
tt15559276	art_department	nm13098147
tt15559276	sound_department	nm9065893
tt15559276	costume_departmen	nm13098116
tt15559280	cast	nm11205026
tt15559280	cast	nm4140406
tt15559280	cast	nm0031642
tt15559280	cast	nm3208867
tt15559280	cast	nm2581639
tt15559280	directors	nm4511388
tt15559280	writers	nm4511388
tt15559280	producers	nm4511388
tt15559280	composers	nm4756528
tt15559280	composers	nm13000559
tt15559280	cinematographers	nm13000560
tt15559280	cinematographers	nm5417488
tt15559280	cinematographers	nm6717393
tt15559280	editors	nm2459340
tt15559280	editors	nm4511388
tt15559280	sound_department	nm4756528
tt15559280	sound_department	nm2871111
tt15559280	sound_department	nm13000559
tt15559280	camera_department	nm4457225
tt15559280	production_companies	co0071918
tt15559280	production_companies	co0641426
tt15559298	directors	nm6193509
tt15559298	writers	nm6193509
tt15559298	producers	nm0753083
tt15559298	production_companies	co0841926
tt1555929	cast	nm3696007
tt1555929	cast	nm0207397
tt1555929	cast	nm0597380
tt1555929	cast	nm2029001
tt1555929	cast	nm3696559
tt1555929	directors	nm0597380
tt1555929	sound_department	nm2789276
tt15559310	cast	nm1475275
tt15559310	cast	nm0186728
tt15559310	cast	nm4404335
tt15559310	cast	nm2400464
tt15559310	directors	nm1475275
tt15559310	writers	nm1475275
tt15559310	producers	nm0186728
tt15559310	producers	nm3924629
tt15559310	producers	nm5384593
tt15559310	producers	nm4404335
tt15559310	producers	nm1475275
tt15559310	composers	nm3761124
tt15559310	cinematographers	nm2814914
tt15559310	editors	nm1475275
tt15559310	editorial_department	nm4010180
tt15559310	production_designers	nm9182479
tt15559310	production_managers	nm6719863
tt15559310	assistant_directors	nm1969430
tt15559310	camera_department	nm4499647
tt15559310	camera_department	nm2420869
tt15559310	production_companies	co0788481
tt15559310	production_companies	co0766760
tt15559310	production_companies	co0591281
tt15559316	cast	nm2305179
tt15559316	cast	nm0324813
tt15559316	cast	nm2256199
tt15559316	cast	nm2880163
tt15559316	directors	nm8678951
tt15559316	directors	nm0317732
tt15559316	writers	nm1299489
tt15559316	writers	nm8678951
tt15559316	producers	nm6230463
tt15559316	producers	nm3973513
tt15559316	producers	nm9447923
tt15559316	producers	nm1776365
tt15559316	producers	nm2341436
tt15559316	composers	nm1223491
tt15559316	cinematographers	nm0131951
tt15559316	editors	nm11598691
tt15559316	editorial_department	nm9560841
tt15559316	production_companies	co0431550
tt15559316	production_companies	co0763331
tt15559316	production_companies	co0113573
tt15559316	production_companies	co0037736
tt15559316	distributors	co0498895
tt1555936	cast	nm3236049
tt1555936	directors	nm1393684
tt1555936	writers	nm1393684
tt1555936	producers	nm0034510
tt1555936	producers	nm1393684
tt1555936	composers	nm3029837
tt1555936	cinematographers	nm0034510
tt1555936	editors	nm0034510
tt1555936	sound_department	nm1354468
tt1555936	camera_department	nm1354468
tt15559402	cast	nm0781218
tt15559402	writers	nm12981783
tt15559402	producers	nm12981783
tt15559408	cast	nm9744786
tt15559408	cast	nm4161712
tt15559408	cast	nm11829651
tt15559408	cast	nm6435977
tt15559408	cast	nm7910304
tt15559408	directors	nm6935209
tt15559408	directors	nm7910304
tt15559408	directors	nm11829651
tt15559408	directors	nm9744786
tt15559408	directors	nm6435977
tt15559408	producers	nm6935209
tt1555940	cast	nm2534417
tt1555940	cast	nm2677701
tt1555940	cast	nm1244898
tt1555940	cast	nm3704779
tt1555940	cast	nm3445246
tt1555940	directors	nm3313994
tt1555940	writers	nm3312159
tt1555940	producers	nm3313994
tt1555940	producers	nm4860657
tt1555940	assistant_directors	nm2540226
tt1555940	sound_department	nm1621468
tt1555940	sound_department	nm3024282
tt1555940	production_companies	co0290930
tt1555942	cast	nm3188897
tt1555942	cast	nm3201683
tt1555942	cast	nm3713923
tt1555942	cast	nm3197666
tt1555942	cast	nm6016760
tt1555942	directors	nm1847774
tt1555942	writers	nm1847774
tt1555942	producers	nm1848028
tt1555942	composers	nm3714498
tt1555942	composers	nm3714545
tt1555942	editorial_department	nm0869549
tt1555942	casting_directors	nm1953428
tt1555942	casting_directors	nm1844896
tt1555942	sound_department	nm3200563
tt1555942	production_companies	co0042307
tt1555942	production_companies	co0144916
tt1555942	distributors	co0236613
tt1555947	directors	nm2712365
tt1555947	directors	nm3704771
tt1555947	writers	nm7957106
tt1555947	writers	nm7957107
tt1555947	editors	nm2712365
tt1555947	editors	nm3704771
tt1555949	directors	nm2639010
tt1555949	writers	nm2639010
tt1555949	producers	nm2639010
tt1555949	cinematographers	nm1993753
tt1555949	editors	nm0070705
tt1555949	editorial_department	nm6600343
tt1555949	sound_department	nm7960425
tt1555949	sound_department	nm2569083
tt1555949	sound_department	nm1744212
tt1555950	directors	nm3298170
tt1555950	production_companies	co0014036
tt1555950	distributors	co0014036
tt1555953	producers	nm0173774
tt1555953	production_companies	co0087553
tt1555953	distributors	co0087553
tt1555954	cast	nm2706594
tt1555954	cast	nm3704828
tt1555954	cast	nm0198994
tt1555954	cast	nm3310504
tt1555954	cast	nm2934393
tt1555954	directors	nm2551464
tt1555954	writers	nm3713552
tt1555954	producers	nm3713779
tt1555954	production_companies	co0202942
tt15559552	directors	nm12991751
tt15559552	writers	nm9696442
tt15559552	writers	nm0601887
tt15559552	producers	nm9696442
tt15559552	producers	nm0601887
tt15559552	composers	nm0664020
tt15559552	cinematographers	nm4837470
tt15559552	cinematographers	nm8887561
tt15559552	editors	nm2363419
tt15559552	production_companies	co0252176
tt15559552	production_companies	co0539327
tt15559554	cast	nm3521709
tt15559554	directors	nm3521709
tt15559554	writers	nm3521709
tt15559554	producers	nm10785785
tt15559554	producers	nm5493504
tt15559554	producers	nm3521709
tt15559554	composers	nm13000708
tt15559554	cinematographers	nm3521709
tt15559554	cinematographers	nm13000709
tt15559554	editors	nm5493504
tt15559554	editors	nm13000710
tt15559554	production_companies	co0884357
tt15559554	distributors	co0424637
tt15559556	cast	nm5692135
tt15559556	writers	nm5692135
tt15559556	producers	nm5692135
tt15559556	producers	nm1072937
tt15559556	producers	nm0616794
tt15559556	production_companies	co0240600
tt15559582	cast	nm5243688
tt15559582	cast	nm0261555
tt15559582	cast	nm1682551
tt15559582	cast	nm11209222
tt15559582	cast	nm4651827
tt15559582	directors	nm3357359
tt15559582	writers	nm0122335
tt15559582	writers	nm11050535
tt15559582	producers	nm9879590
tt15559582	producers	nm13000732
tt15559582	producers	nm11476033
tt15559582	producers	nm9150727
tt15559582	producers	nm0261555
tt15559582	cinematographers	nm7180314
tt15559582	editors	nm0357023
tt15559582	editors	nm0357041
tt15559582	editors	nm13000733
tt15559582	editorial_department	nm3154884
tt15559582	casting_directors	nm0034276
tt15559582	production_designers	nm0329334
tt15559582	set_decorators	nm0199329
tt15559582	costume_designers	nm11605324
tt15559582	make_up_department	nm6291052
tt15559582	make_up_department	nm10301207
tt15559582	make_up_department	nm13000740
tt15559582	production_managers	nm6825108
tt15559582	production_managers	nm9814164
tt15559582	production_managers	nm13000729
tt15559582	assistant_directors	nm4248442
tt15559582	assistant_directors	nm13000734
tt15559582	art_department	nm11717261
tt15559582	art_department	nm1170505
tt15559582	art_department	nm11154150
tt15559582	art_department	nm3951629
tt15559582	sound_department	nm13000741
tt15559582	sound_department	nm13000742
tt15559582	visual_effects	nm11012897
tt15559582	camera_department	nm9136285
tt15559582	camera_department	nm13000736
tt15559582	camera_department	nm11040219
tt15559582	camera_department	nm8148003
tt15559582	camera_department	nm11041105
tt15559582	casting_department	nm13000737
tt15559582	costume_departmen	nm13000738
tt15559582	location_management	nm13000739
tt15559582	script_department	nm6338232
tt15559582	production_companies	co0680889
tt1555963	cast	nm0016263
tt1555963	directors	nm1163929
tt1555963	writers	nm1163929
tt1555963	producers	nm0053184
tt1555963	cinematographers	nm3704683
tt1555963	cinematographers	nm0675878
tt1555963	cinematographers	nm0006582
tt1555963	editors	nm2125032
tt1555963	sound_department	nm2198459
tt1555963	camera_department	nm1122420
tt1555963	production_companies	co0089379
tt15559652	writers	nm10720317
tt15559652	producers	nm0960567
tt1555965	directors	nm1513704
tt1555965	production_companies	co0010861
tt1555965	distributors	co0010861
tt1555967	production_companies	co0054159
tt1555967	distributors	co0054159
tt15559694	cast	nm10404026
tt15559694	cast	nm1309292
tt15559694	cast	nm7957937
tt15559694	cast	nm11571710
tt15559694	cast	nm1967874
tt15559694	directors	nm10118976
tt15559694	directors	nm5629736
tt15559694	writers	nm7484906
tt15559694	producers	nm10459071
tt15559694	producers	nm13000802
tt15559694	producers	nm13000803
tt15559694	composers	nm4177696
tt15559694	cinematographers	nm13000804
tt15559694	editors	nm10458538
tt15559694	production_designers	nm8696828
tt15559694	production_managers	nm9940287
tt15559694	camera_department	nm12476731
tt15559694	camera_department	nm13165460
tt15559694	camera_department	nm6389421
tt15559694	production_companies	co0884363
tt15559694	production_companies	co0884362
tt15559702	producers	nm0960567
tt1555970	directors	nm1363246
tt1555970	writers	nm1363246
tt1555970	producers	nm1363246
tt1555970	cinematographers	nm1363246
tt1555970	editors	nm1363246
tt1555970	sound_department	nm1363246
tt1555977	directors	nm0309959
tt1555977	directors	nm0762256
tt1555977	producers	nm4003813
tt1555978	directors	nm3704926
tt1555978	production_companies	co0291032
tt15559794	writers	nm4819573
tt15559794	producers	nm6546318
tt15559794	producers	nm4819573
tt15559794	cinematographers	nm2892356
tt15559794	production_companies	co0884758
tt1555980	cast	nm0440927
tt1555980	directors	nm0549542
tt1555980	writers	nm0549542
tt1555980	cinematographers	nm2575086
tt1555980	editors	nm3662404
tt1555980	production_companies	co0230451
tt1555980	production_companies	co0078814
tt15559836	writers	nm6492037
tt15559836	producers	nm3943537
tt15559836	producers	nm5429637
tt15559836	producers	nm8501267
tt15559836	producers	nm3560755
tt15559836	production_companies	co0875068
tt15559836	production_companies	co0785802
tt15559836	distributors	co0005073
tt1555983	directors	nm2871915
tt1555983	writers	nm2871915
tt1555983	cinematographers	nm4596636
tt15559840	cast	nm13000878
tt15559840	directors	nm8767269
tt15559840	producers	nm8767269
tt15559840	composers	nm7971722
tt15559846	cast	nm4940151
tt15559846	cast	nm9209315
tt15559846	cast	nm12898861
tt15559846	cast	nm12895881
tt15559846	cast	nm12899814
tt15559846	directors	nm11141978
tt15559846	writers	nm6719771
tt1555986	cast	nm2506512
tt1555986	cast	nm3771876
tt1555986	directors	nm0060283
tt1555986	cinematographers	nm0699729
tt1555986	production_companies	co0197411
tt1555986	distributors	co0197411
tt15559878	cast	nm1579662
tt15559878	cast	nm8625399
tt15559878	cast	nm3776906
tt15559878	cast	nm9014280
tt15559878	cast	nm2226083
tt15559878	directors	nm8968067
tt15559878	writers	nm8968067
tt15559878	producers	nm8968067
tt15559878	composers	nm6331287
tt15559878	cinematographers	nm8968067
tt15559878	editors	nm8968067
tt15559902	cast	nm4588842
tt15559902	directors	nm3291404
tt15559902	writers	nm3291404
tt15559902	writers	nm4588842
tt15559902	producers	nm13000932
tt15559902	composers	nm13000933
tt15559902	composers	nm3290934
tt15559902	production_companies	co0884371
tt15559902	distributors	co0884371
tt1555991	cast	nm1006879
tt1555991	cast	nm0305182
tt1555991	cast	nm4084031
tt1555991	cast	nm0739418
tt1555991	cast	nm0704479
tt1555991	directors	nm0704479
tt1555991	writers	nm0704479
tt1555991	writers	nm0650988
tt1555991	writers	nm0704479
tt1555991	writers	nm0650988
tt1555991	producers	nm4084031
tt1555991	producers	nm3468508
tt1555991	producers	nm1006879
tt1555991	producers	nm1860764
tt1555991	producers	nm0704479
tt1555991	composers	nm1438221
tt1555991	cinematographers	nm1456088
tt1555991	editors	nm3041483
tt1555991	editorial_department	nm3387646
tt1555991	editorial_department	nm3972995
tt1555991	editorial_department	nm3056405
tt1555991	editorial_department	nm3336224
tt1555991	editorial_department	nm3336827
tt1555991	production_designers	nm1298486
tt1555991	art_directors	nm3446044
tt1555991	make_up_department	nm4086740
tt1555991	make_up_department	nm0062074
tt1555991	make_up_department	nm2193606
tt1555991	make_up_department	nm3341313
tt1555991	production_managers	nm1664669
tt1555991	production_managers	nm3032852
tt1555991	production_managers	nm3336168
tt1555991	assistant_directors	nm0633545
tt1555991	assistant_directors	nm4078209
tt1555991	assistant_directors	nm1035919
tt1555991	art_department	nm3064528
tt1555991	art_department	nm4086879
tt1555991	art_department	nm4087262
tt1555991	art_department	nm3961977
tt1555991	art_department	nm3397231
tt1555991	sound_department	nm1209287
tt1555991	sound_department	nm2048260
tt1555991	sound_department	nm1730476
tt1555991	sound_department	nm3192853
tt1555991	sound_department	nm2340637
tt1555991	special_effects	nm2867130
tt1555991	visual_effects	nm2898726
tt1555991	visual_effects	nm3524295
tt1555991	visual_effects	nm1216805
tt1555991	visual_effects	nm3627513
tt1555991	visual_effects	nm3201243
tt1555991	camera_department	nm3017244
tt1555991	camera_department	nm2855649
tt1555991	camera_department	nm2234453
tt1555991	camera_department	nm4086951
tt1555991	camera_department	nm4086166
tt1555991	costume_departmen	nm2876496
tt1555991	costume_departmen	nm4087315
tt1555991	location_management	nm3850443
tt1555991	transportation_department	nm3087522
tt1555991	transportation_department	nm3185423
tt1555991	transportation_department	nm2163911
tt1555991	production_companies	co0089341
tt1555991	production_companies	co0314163
tt1555991	production_companies	co0084229
tt15559926	cast	nm7509244
tt15559926	cast	nm13000942
tt15559926	cast	nm13000941
tt15559926	cast	nm6636463
tt15559926	production_companies	co0023433
tt1555992	cast	nm0289450
tt1555992	directors	nm3704869
tt1555992	directors	nm3704522
tt1555992	writers	nm3704869
tt1555992	writers	nm3704522
tt1555992	cinematographers	nm1811499
tt1555992	editors	nm3704522
tt1555992	production_managers	nm3691200
tt1555992	sound_department	nm4474455
tt1555992	camera_department	nm1811499
tt1555992	distributors	co0169292
tt15559940	cast	nm2389884
tt15559940	cast	nm13000947
tt15559940	cast	nm2155116
tt15559940	cast	nm13000948
tt15559940	cast	nm13000946
tt15559940	directors	nm1113122
tt15559940	production_companies	co0035870
tt1555994	directors	nm0544836
tt1555994	writers	nm0544836
tt1555994	producers	nm0544836
tt1555994	composers	nm3713393
tt1555994	composers	nm3714983
tt1555994	cinematographers	nm0544836
tt1555994	editors	nm3715320
tt15559954	directors	nm4781840
tt1555997	directors	nm0577534
tt1555997	production_companies	co0195672
tt1555997	distributors	co0195672
tt15559992	directors	nm1351919
tt15559992	writers	nm1351919
tt15559992	producers	nm0518085
tt15559992	producers	nm6600174
tt15559992	production_companies	co0714431
tt15560020	cast	nm0000275
tt15560020	cast	nm0003069
tt15560020	cast	nm3396904
tt15560020	directors	nm0584317
tt15560020	writers	nm0584317
tt15560020	writers	nm0797076
tt15560020	producers	nm3284549
tt15560020	producers	nm4769939
tt15560020	producers	nm0003069
tt15560020	producers	nm11825993
tt15560020	producers	nm0584317
tt15560020	production_designers	nm6099771
tt15560020	production_companies	co0724176
tt15560020	production_companies	co0610292
tt15560020	production_companies	co0019228
tt1556002	directors	nm0190967
tt1556002	producers	nm0214763
tt1556002	cinematographers	nm0547620
tt1556002	editors	nm0040900
tt1556002	sound_department	nm1255620
tt1556002	sound_department	nm0524028
tt15560042	directors	nm0319419
tt15560042	writers	nm0319419
tt15560042	producers	nm0319419
tt15560042	production_companies	co0073385
tt15560042	distributors	co0658162
tt1556005	cast	nm0785281
tt1556005	cast	nm0327076
tt1556005	cast	nm1008648
tt1556005	cast	nm1291071
tt1556005	cast	nm0212141
tt1556005	directors	nm1028275
tt1556005	writers	nm1028275
tt1556005	producers	nm0599662
tt1556005	producers	nm0764188
tt1556005	producers	nm0764017
tt1556005	composers	nm0190495
tt1556005	cinematographers	nm0516541
tt1556005	editors	nm0418730
tt1556005	editorial_department	nm1165369
tt1556005	editorial_department	nm2859446
tt1556005	editorial_department	nm3006222
tt1556005	editorial_department	nm2622310
tt1556005	production_designers	nm1950693
tt1556005	art_directors	nm2760496
tt1556005	art_directors	nm3545029
tt1556005	make_up_department	nm3100042
tt1556005	make_up_department	nm3013684
tt1556005	production_managers	nm1137154
tt1556005	production_managers	nm1600896
tt1556005	assistant_directors	nm2708965
tt1556005	art_department	nm3544966
tt1556005	art_department	nm3395233
tt1556005	art_department	nm3545295
tt1556005	sound_department	nm3002662
tt1556005	sound_department	nm3002858
tt1556005	sound_department	nm3012481
tt1556005	sound_department	nm3001841
tt1556005	sound_department	nm1140134
tt1556005	camera_department	nm0648807
tt1556005	music_department	nm3704475
tt1556005	music_department	nm3704474
tt1556005	transportation_department	nm3539858
tt1556005	transportation_department	nm3508111
tt1556005	production_companies	co0077325
tt1556005	distributors	co0387321
tt1556007	cast	nm0957396
tt1556007	cast	nm3371451
tt1556007	cast	nm3704625
tt1556007	cast	nm5654804
tt1556007	cast	nm2764755
tt1556007	directors	nm0957396
tt1556007	writers	nm0957396
tt1556007	producers	nm4789090
tt1556007	producers	nm0957396
tt1556007	composers	nm3704924
tt1556007	composers	nm3704507
tt1556007	cinematographers	nm3704843
tt1556007	editors	nm1272672
tt1556007	production_designers	nm3704753
tt1556007	make_up_department	nm2898255
tt1556007	assistant_directors	nm5654764
tt1556007	assistant_directors	nm5654755
tt1556007	assistant_directors	nm3704753
tt1556007	sound_department	nm4029572
tt1556007	sound_department	nm4224999
tt1556007	sound_department	nm1038593
tt1556007	sound_department	nm0894539
tt1556007	camera_department	nm2764755
tt1556007	camera_department	nm2689066
tt1556007	production_companies	co0362424
tt1556007	production_companies	co0426311
tt1556007	distributors	co0426311
tt15560118	writers	nm8474693
tt15560118	producers	nm0476291
tt15560118	production_companies	co0099841
tt15560128	cast	nm1953277
tt15560128	cast	nm2567388
tt15560128	cast	nm7790241
tt15560128	cast	nm1335689
tt15560128	cast	nm4619131
tt15560128	directors	nm13001130
tt15560128	writers	nm9740750
tt15560128	producers	nm13001131
tt1556012	production_companies	co0010861
tt1556012	distributors	co0010861
tt15560132	cast	nm3569284
tt15560132	cast	nm3435454
tt15560132	cast	nm0387395
tt15560132	cast	nm2273354
tt15560132	cast	nm1415783
tt15560132	directors	nm4661612
tt15560132	writers	nm4661612
tt15560132	producers	nm4008459
tt15560132	producers	nm0301842
tt15560132	producers	nm0703939
tt15560132	producers	nm1892220
tt15560132	producers	nm10824125
tt15560132	cinematographers	nm0694874
tt15560132	casting_directors	nm2085013
tt15560132	casting_directors	nm3268392
tt15560132	make_up_department	nm7227300
tt15560132	sound_department	nm2417261
tt15560132	stunts	nm2703331
tt15560132	stunts	nm5519136
tt15560132	stunts	nm6518924
tt15560132	camera_department	nm10581936
tt15560132	camera_department	nm1259863
tt15560132	camera_department	nm1117921
tt15560132	camera_department	nm10517144
tt15560132	camera_department	nm1344588
tt15560132	costume_departmen	nm3214749
tt15560132	production_companies	co0884396
tt15560132	production_companies	co0759176
tt15560132	production_companies	co0884397
tt1556013	directors	nm0814443
tt1556013	writers	nm0814443
tt1556013	producers	nm0814443
tt1556013	cinematographers	nm7958972
tt1556013	cinematographers	nm7958968
tt1556013	cinematographers	nm7958970
tt1556013	cinematographers	nm0471992
tt1556013	cinematographers	nm7958971
tt1556013	editors	nm7958973
tt1556013	sound_department	nm2754438
tt1556014	production_companies	co0198892
tt1556014	distributors	co0198892
tt15560162	writers	nm8020288
tt15560164	cast	nm8687169
tt15560164	cast	nm5213356
tt15560164	cast	nm1867637
tt15560164	cast	nm13112363
tt15560164	cast	nm3567212
tt15560164	directors	nm0361827
tt15560164	writers	nm0361827
tt15560164	producers	nm5213356
tt15560164	producers	nm4875682
tt15560164	producers	nm1740684
tt15560164	producers	nm1391438
tt15560164	producers	nm1054429
tt15560164	assistant_directors	nm0805677
tt15560166	writers	nm8020288
tt15560174	cast	nm13001190
tt15560174	cast	nm13001191
tt15560174	cast	nm13005501
tt15560174	cast	nm13001192
tt15560174	cast	nm9205603
tt15560174	directors	nm13001190
tt15560174	writers	nm13001190
tt15560174	producers	nm13001192
tt15560174	producers	nm13001191
tt15560174	producers	nm13001190
tt15560174	composers	nm11597475
tt15560184	cast	nm0848377
tt15560184	cast	nm8392619
tt15560184	cast	nm1225348
tt15560184	cast	nm10407936
tt15560184	cast	nm13001194
tt15560184	directors	nm6222980
tt15560184	writers	nm6222980
tt15560184	producers	nm0461922
tt15560184	cinematographers	nm0461922
tt15560184	art_directors	nm13161693
tt15560184	costume_designers	nm13161694
tt15560184	production_managers	nm3762945
tt15560184	distributors	co0121860
tt15560208	cast	nm1589051
tt15560208	cast	nm5578096
tt15560208	cast	nm0188220
tt15560208	cast	nm9117232
tt15560208	cast	nm9287372
tt15560208	directors	nm1221203
tt15560208	writers	nm2542694
tt15560208	producers	nm2311601
tt15560208	producers	nm0890849
tt15560208	composers	nm0795340
tt15560208	cinematographers	nm8811664
tt15560208	editorial_department	nm10385886
tt15560208	casting_directors	nm0007111
tt15560208	casting_directors	nm0703757
tt15560208	production_designers	nm12794980
tt15560208	assistant_directors	nm7088672
tt15560208	assistant_directors	nm10283827
tt15560208	art_department	nm8352470
tt15560208	camera_department	nm8811664
tt15560208	camera_department	nm12270455
tt15560208	camera_department	nm12649926
tt15560208	camera_department	nm2416334
tt15560208	camera_department	nm8924943
tt15560208	costume_departmen	nm10731917
tt15560208	costume_departmen	nm12227680
tt15560208	costume_departmen	nm9697255
tt15560208	music_department	nm3317610
tt15560208	transportation_department	nm8944874
tt15560208	production_companies	co0782546
tt1556020	directors	nm0544836
tt1556020	writers	nm0544836
tt1556020	cinematographers	nm0544836
tt1556020	editors	nm0544836
tt1556020	production_companies	co0008374
tt15560230	directors	nm10514301
tt15560230	writers	nm10514301
tt15560250	directors	nm4228121
tt15560250	writers	nm4228121
tt15560250	producers	nm4228121
tt15560250	cinematographers	nm9088495
tt15560250	editors	nm4228121
tt15560250	production_companies	co0806149
tt15560250	distributors	co0806149
tt1556025	directors	nm2772598
tt1556025	cinematographers	nm2772598
tt1556025	editors	nm2657282
tt1556025	editors	nm2681456
tt15560282	directors	nm5648870
tt15560282	writers	nm5648870
tt15560282	producers	nm5648870
tt15560282	producers	nm5327952
tt15560282	composers	nm5397897
tt15560282	composers	nm13001300
tt15560282	cinematographers	nm5648870
tt15560282	editors	nm5648870
tt15560282	production_companies	co0398077
tt1556029	cast	nm2610299
tt1556029	cast	nm2678072
tt1556029	cast	nm2681362
tt1556029	cast	nm2679704
tt1556029	cast	nm2778540
tt1556029	directors	nm1867722
tt1556029	writers	nm3718452
tt1556029	producers	nm11851000
tt1556029	producers	nm11850999
tt1556029	producers	nm3717170
tt1556029	producers	nm1867722
tt1556029	composers	nm3031942
tt1556029	composers	nm1857653
tt1556029	cinematographers	nm3022493
tt1556029	editors	nm3297738
tt1556029	editorial_department	nm6364183
tt1556029	art_directors	nm2692491
tt1556029	costume_designers	nm10153418
tt1556029	make_up_department	nm3206234
tt1556029	make_up_department	nm4878050
tt1556029	sound_department	nm4821827
tt1556029	sound_department	nm1621468
tt1556029	sound_department	nm3024282
tt1556029	costume_departmen	nm4852220
tt1556029	production_companies	co0290862
tt1556029	production_companies	co0290875
tt15560314	directors	nm8293167
tt15560314	writers	nm8293167
tt15560314	producers	nm8293167
tt15560314	producers	nm0271799
tt15560314	producers	nm10622684
tt15560314	producers	nm5198678
tt15560314	cinematographers	nm3327225
tt15560314	production_companies	co0862860
tt15560314	production_companies	co0237531
tt15560314	production_companies	co0825666
tt15560334	writers	nm8114650
tt15560350	cast	nm0032843
tt15560350	cast	nm0866895
tt15560350	cast	nm5067573
tt15560350	cast	nm8731514
tt15560350	cast	nm0562509
tt15560350	directors	nm4930203
tt15560350	writers	nm9036346
tt15560350	production_companies	co0092562
tt15560358	writers	nm4717807
tt15560372	writers	nm4499835
tt15560402	writers	nm8064604
tt15560402	producers	nm0557829
tt15560402	production_companies	co0463354
tt1556041	cast	nm2635461
tt1556041	directors	nm2544171
tt1556041	writers	nm2544171
tt1556041	producers	nm1629661
tt1556041	producers	nm2764413
tt1556041	producers	nm2544171
tt1556041	composers	nm3217077
tt1556041	composers	nm3217543
tt1556041	composers	nm2546552
tt1556041	cinematographers	nm3282803
tt1556041	cinematographers	nm2851397
tt1556041	editors	nm2553457
tt1556041	sound_department	nm2547047
tt1556041	production_companies	co0200475
tt1556041	production_companies	co0200479
tt1556041	production_companies	co0059234
tt1556041	production_companies	co0024568
tt1556041	production_companies	co0174795
tt1556046	cast	nm3704589
tt1556046	cast	nm3704472
tt1556046	cast	nm3704650
tt1556046	cast	nm9887282
tt1556046	cast	nm2670356
tt1556046	directors	nm3377111
tt1556046	writers	nm3650611
tt1556046	writers	nm3650611
tt1556046	producers	nm3650611
tt1556046	composers	nm3363327
tt1556046	cinematographers	nm3704504
tt1556046	editors	nm2035189
tt1556046	production_designers	nm3704922
tt1556046	camera_department	nm8468792
tt1556046	production_companies	co0291062
tt15560486	cast	nm5432108
tt15560486	cast	nm13001377
tt15560486	cast	nm9149801
tt15560486	cast	nm13014445
tt15560486	cast	nm2054908
tt15560486	directors	nm7389564
tt15560486	writers	nm7389564
tt15560486	producers	nm7389564
tt15560486	composers	nm6343736
tt15560486	cinematographers	nm1744656
tt15560486	editors	nm3305845
tt15560486	editorial_department	nm4891463
tt15560486	casting_directors	nm0481962
tt15560486	make_up_department	nm7172263
tt15560486	assistant_directors	nm8968948
tt15560486	art_department	nm13001387
tt15560486	sound_department	nm4249700
tt15560486	visual_effects	nm4891463
tt15560486	camera_department	nm13001389
tt15560486	camera_department	nm4919125
tt15560486	camera_department	nm7567429
tt15560486	camera_department	nm13001388
tt15560486	script_department	nm11508776
tt15560486	production_companies	co0411162
tt15560610	cast	nm2088669
tt15560610	directors	nm2088669
tt15560610	writers	nm10192393
tt15560610	producers	nm6237267
tt15560610	producers	nm10192393
tt15560610	producers	nm2088669
tt15560610	casting_directors	nm10192393
tt15560610	production_companies	co0573513
tt15560626	cast	nm0720763
tt15560626	cast	nm5939214
tt15560626	cast	nm1955570
tt15560626	cast	nm8850255
tt15560626	cast	nm8223791
tt15560626	directors	nm6572056
tt15560626	writers	nm6572056
tt15560626	writers	nm3482151
tt15560626	producers	nm13001501
tt15560626	producers	nm13001500
tt15560626	composers	nm2065631
tt15560626	cinematographers	nm4789171
tt15560626	sound_department	nm8532939
tt15560626	costume_departmen	nm3350085
tt15560626	production_companies	co0478442
tt15560626	production_companies	co0883287
tt15560626	production_companies	co0884416
tt15560626	distributors	co0883287
tt15560650	directors	nm1324076
tt15560650	writers	nm1324076
tt15560650	producers	nm13001620
tt15560650	composers	nm7663253
tt15560650	cinematographers	nm1324076
tt15560650	production_companies	co0884379
tt15560660	cast	nm13001658
tt15560660	cast	nm13001657
tt15560660	cast	nm9415855
tt15560660	directors	nm9415855
tt15560660	writers	nm9415856
tt15560660	writers	nm9415855
tt15560660	producers	nm9415856
tt15560660	composers	nm13001660
tt15560660	composers	nm13001659
tt15560660	cinematographers	nm9837208
tt15560660	cinematographers	nm9415855
tt15560660	editors	nm9415855
tt15560660	sound_department	nm4940013
tt15560660	production_companies	co0884422
tt15560664	cast	nm3450110
tt15560664	cast	nm0793616
tt15560664	cast	nm0590902
tt15560664	cast	nm0720738
tt15560664	cast	nm0867401
tt15560664	directors	nm1429215
tt15560664	writers	nm13001663
tt15560664	writers	nm0409253
tt15560664	producers	nm3163894
tt15560664	producers	nm13001664
tt15560664	composers	nm12829783
tt15560664	cinematographers	nm3837800
tt15560664	editors	nm11200393
tt15560664	art_directors	nm12814379
tt15560664	production_managers	nm12278623
tt15560664	assistant_directors	nm13001665
tt15560664	production_companies	co0581551
tt15560664	distributors	co0703843
tt15560678	cast	nm10711682
tt15560678	cast	nm10711686
tt15560678	cast	nm2012363
tt15560678	cast	nm12900415
tt15560678	cast	nm3278443
tt15560678	directors	nm13001667
tt15560678	producers	nm2012363
tt1556069	directors	nm2712365
tt1556069	directors	nm3704771
tt1556069	writers	nm2712365
tt1556069	writers	nm3704771
tt1556069	cinematographers	nm2712365
tt1556069	cinematographers	nm3704771
tt1556069	editors	nm2712365
tt1556069	editors	nm3704771
tt1556069	sound_department	nm2337658
tt1556069	production_companies	co0386716
tt15560704	cast	nm10711682
tt15560704	cast	nm10711686
tt15560704	cast	nm2012363
tt15560704	cast	nm12900415
tt15560704	cast	nm3278443
tt15560704	directors	nm13001667
tt15560704	producers	nm2012363
tt15560706	cast	nm12294928
tt15560706	directors	nm4729191
tt15560706	writers	nm4729191
tt15560706	producers	nm8282843
tt15560706	composers	nm13001678
tt15560706	cinematographers	nm0759604
tt15560706	cinematographers	nm13001679
tt15560706	editors	nm13001680
tt15560706	editors	nm13001681
tt15560706	sound_department	nm2723525
tt15560706	production_companies	co0357875
tt1556070	directors	nm3456308
tt1556070	directors	nm3704772
tt1556070	directors	nm3704540
tt1556070	directors	nm3704487
tt1556070	producers	nm2833094
tt1556070	cinematographers	nm3702865
tt1556070	cinematographers	nm3456308
tt1556070	cinematographers	nm3704772
tt1556070	cinematographers	nm3704540
tt1556070	cinematographers	nm3704487
tt1556070	editors	nm3456308
tt1556070	editors	nm3704772
tt1556070	editors	nm3704540
tt1556070	editors	nm3704487
tt1556070	sound_department	nm3456308
tt1556070	sound_department	nm3704772
tt1556070	sound_department	nm3704540
tt1556070	sound_department	nm3704487
tt1556070	production_companies	co0246973
tt15560714	cast	nm8369807
tt15560714	cast	nm5261525
tt15560714	directors	nm13001684
tt15560714	writers	nm13001684
tt15560714	producers	nm8063422
tt15560714	producers	nm2120871
tt15560714	producers	nm12756780
tt15560714	cinematographers	nm7600772
tt15560714	art_directors	nm10204803
tt15560714	sound_department	nm3839222
tt15560714	sound_department	nm13001685
tt15560730	writers	nm0464804
tt15560730	writers	nm10430245
tt15560730	producers	nm10430245
tt15560730	production_companies	co0777835
tt15560752	cast	nm5668195
tt15560752	directors	nm12187272
tt15560764	cast	nm3450110
tt15560764	cast	nm1518573
tt15560764	cast	nm10314725
tt15560764	cast	nm5370955
tt15560764	cast	nm0631553
tt15560764	directors	nm12944242
tt15560764	writers	nm13001726
tt15560764	writers	nm1323767
tt15560764	producers	nm10119207
tt15560764	producers	nm13001727
tt15560764	producers	nm13001728
tt15560764	composers	nm0645787
tt15560764	cinematographers	nm1991856
tt15560764	art_directors	nm3853014
tt15560764	production_managers	nm13001484
tt15560764	assistant_directors	nm13001729
tt15560764	production_companies	co0664512
tt15560764	distributors	co0581551
tt15560810	cast	nm9849317
tt15560810	cast	nm0050462
tt15560810	cast	nm0020730
tt15560810	cast	nm5046045
tt15560810	cast	nm2230999
tt15560810	directors	nm1909596
tt15560810	writers	nm1909596
tt15560810	writers	nm1909596
tt15560810	writers	nm2898399
tt15560810	producers	nm12948301
tt15560810	producers	nm1909596
tt15560810	producers	nm2898399
tt15560810	production_companies	co0239052
tt15560812	directors	nm3276178
tt15560812	writers	nm3276178
tt15560812	producers	nm0159760
tt15560812	producers	nm3276178
tt15560812	producers	nm2072780
tt15560812	producers	nm7833742
tt15560812	cinematographers	nm3276178
tt15560812	editors	nm0855672
tt15560812	music_department	nm0459583
tt15560812	production_companies	co0884426
tt15560812	production_companies	co0006414
tt15560880	directors	nm13001924
tt15560888	directors	nm13001924
tt15560904	directors	nm3952232
tt15560904	writers	nm8765111
tt15560904	producers	nm2353669
tt15560904	producers	nm7191513
tt15560904	producers	nm3952232
tt15560904	casting_directors	nm9667269
tt15560904	production_companies	co0628347
tt15560926	cast	nm8898786
tt15560926	cast	nm10603039
tt15560926	directors	nm1114811
tt15560926	writers	nm1114811
tt15560926	producers	nm12921119
tt15560926	composers	nm1114811
tt15560926	cinematographers	nm13001964
tt15560926	production_companies	co0879501
tt15560952	cast	nm1596350
tt15560952	cast	nm5069465
tt15560952	cast	nm3916302
tt15560952	cast	nm6160139
tt15560952	directors	nm1287649
tt15560952	writers	nm1287649
tt15560952	producers	nm12372286
tt15560952	producers	nm1287649
tt15560952	producers	nm2811230
tt15560952	cinematographers	nm0694985
tt15560952	editors	nm1850593
tt15560952	editorial_department	nm11962032
tt15560952	art_department	nm11367892
tt15560952	visual_effects	nm2243128
tt15560952	camera_department	nm10649584
tt15560952	camera_department	nm12539664
tt15560952	production_companies	co0763652
tt15560952	distributors	co0881672
tt15560974	cast	nm9574516
tt15560974	cast	nm1326535
tt15560974	cast	nm7953288
tt15560974	directors	nm8852801
tt15560974	producers	nm13002026
tt15560974	composers	nm8660820
tt15560974	cinematographers	nm13002027
tt15560974	production_companies	co0884432
tt15560986	cast	nm9574516
tt15560986	cast	nm7802204
tt15560986	directors	nm13002029
tt15560994	cast	nm4043111
tt15560994	cast	nm9574516
tt15560994	cast	nm2156989
tt15560994	directors	nm13002038
tt15560994	writers	nm13002038
tt15560994	writers	nm4043111
tt15560996	cast	nm2156989
tt15560996	directors	nm11861165
tt15560996	writers	nm11861165
tt15560996	producers	nm13002042
tt15560996	production_companies	co0757881
tt15561002	cast	nm6106368
tt15561002	cast	nm2156989
tt15561002	cast	nm6106052
tt15561002	directors	nm8852783
tt15561002	writers	nm8852783
tt15561036	cast	nm13002085
tt15561036	cast	nm13002090
tt15561036	cast	nm6786500
tt15561036	cast	nm13002087
tt15561036	cast	nm9622142
tt15561036	directors	nm6786500
tt15561036	producers	nm6786500
tt1556104	cast	nm1064585
tt1556104	cast	nm0082201
tt1556104	cast	nm0275736
tt1556104	cast	nm0287544
tt1556104	cast	nm0333117
tt1556104	directors	nm0276532
tt1556104	writers	nm1749071
tt1556104	producers	nm2563309
tt1556104	cinematographers	nm0133578
tt1556104	production_companies	co0201467
tt15561050	cast	nm3462447
tt15561050	directors	nm4148549
tt15561050	writers	nm4148549
tt1556105	cast	nm3704822
tt1556105	cast	nm0033324
tt1556105	cast	nm1084874
tt1556105	cast	nm3717183
tt1556105	cast	nm0250548
tt1556105	directors	nm1089605
tt1556105	writers	nm0854265
tt1556105	producers	nm1078142
tt1556105	producers	nm1078143
tt1556105	cinematographers	nm0434961
tt1556105	editors	nm0462232
tt1556105	production_companies	co0123667
tt15561062	cast	nm3462447
tt15561062	directors	nm8625307
tt15561062	writers	nm8625307
tt15561062	producers	nm9256352
tt15561062	production_companies	co0805567
tt15561074	cast	nm10536247
tt15561074	directors	nm8625307
tt15561074	writers	nm8625307
tt15561124	cast	nm3462447
tt15561124	directors	nm6142895
tt15561124	writers	nm6142895
tt15561124	producers	nm5305472
tt15561124	producers	nm5766619
tt15561124	production_companies	co0435217
tt15561150	cast	nm3462447
tt15561150	cast	nm8276228
tt15561150	cast	nm0621937
tt15561150	cast	nm3164292
tt15561150	directors	nm13002277
tt15561150	producers	nm13002284
tt15561150	producers	nm13002279
tt15561150	producers	nm13002281
tt15561150	producers	nm13002286
tt15561150	composers	nm6643759
tt15561150	cinematographers	nm5744569
tt15561150	stunts	nm8160384
tt15561150	production_companies	co0884439
tt15561166	cast	nm12364662
tt15561166	cast	nm10536247
tt15561166	directors	nm6155283
tt15561166	writers	nm10536247
tt15561166	writers	nm6155283
tt15561182	cast	nm2889128
tt15561182	cast	nm4155229
tt15561182	directors	nm3162655
tt15561182	writers	nm6377788
tt15561182	writers	nm3162655
tt15561182	composers	nm5509257
tt15561182	composers	nm4207386
tt15561182	composers	nm13002325
tt15561182	editors	nm6377788
tt15561196	cast	nm9779430
tt15561196	cast	nm6170424
tt15561196	cast	nm13002371
tt15561196	cast	nm2540615
tt15561196	cast	nm10573613
tt15561196	directors	nm9794541
tt15561196	writers	nm10573613
tt15561196	producers	nm10573613
tt15561196	producers	nm13002372
tt15561196	cinematographers	nm11920490
tt15561196	cinematographers	nm13063464
tt15561196	editors	nm12375694
tt15561196	editorial_department	nm7850693
tt15561196	production_managers	nm12992980
tt15561196	sound_department	nm11729828
tt15561196	camera_department	nm10139373
tt15561196	costume_departmen	nm12986801
tt15561196	script_department	nm10573613
tt15561196	production_companies	co0884442
tt15561198	cast	nm4535401
tt15561198	directors	nm13002373
tt15561198	producers	nm4535401
tt15561198	production_companies	co0884443
tt15561202	cast	nm7373491
tt15561202	cast	nm0043199
tt15561202	cast	nm10216112
tt15561202	cast	nm13002381
tt15561202	directors	nm13002380
tt15561202	composers	nm5962047
tt15561202	cinematographers	nm12627973
tt15561202	editors	nm13002382
tt15561202	production_companies	co0884444
tt15561204	cast	nm0836991
tt15561204	cast	nm9603320
tt15561204	cast	nm10653829
tt15561204	cast	nm11804617
tt15561204	cast	nm6851611
tt15561204	directors	nm13002385
tt15561204	producers	nm13002386
tt15561204	composers	nm1482155
tt15561204	cinematographers	nm13002387
tt15561204	production_companies	co0884445
tt15561206	directors	nm11245527
tt15561206	directors	nm5500330
tt15561206	producers	nm11245527
tt15561206	producers	nm10994301
tt15561206	producers	nm5500330
tt15561206	cinematographers	nm0375464
tt15561206	cinematographers	nm0430438
tt15561206	cinematographers	nm13002388
tt15561206	cinematographers	nm5548243
tt15561206	editors	nm11245527
tt15561206	editors	nm5500330
tt15561206	production_companies	co0884446
tt15561206	distributors	co0079546
tt15561224	cast	nm0621937
tt15561224	cast	nm8904193
tt15561224	cast	nm5682275
tt15561224	cast	nm0080228
tt15561224	cast	nm0433893
tt15561224	directors	nm13002431
tt15561224	writers	nm8904193
tt15561224	writers	nm6323446
tt15561224	producers	nm13002432
tt15561224	producers	nm13002433
tt15561224	composers	nm5194291
tt15561224	cinematographers	nm10221671
tt15561224	costume_designers	nm12958506
tt15561224	production_companies	co0851322
tt15561248	cast	nm0149835
tt15561248	cast	nm4241449
tt15561248	cast	nm12086195
tt15561248	directors	nm13002436
tt15561248	producers	nm5258562
tt15561248	composers	nm1300033
tt15561248	production_companies	co0393453
tt1556132	cast	nm0032661
tt1556132	cast	nm0845610
tt1556132	cast	nm1318377
tt1556132	cast	nm0067974
tt1556132	cast	nm0959889
tt1556132	directors	nm0947998
tt1556132	writers	nm3714821
tt1556132	producers	nm0951020
tt1556132	composers	nm0075299
tt1556132	composers	nm0876832
tt1556132	cinematographers	nm0226691
tt1556132	cinematographers	nm0434961
tt1556132	cinematographers	nm0950895
tt1556132	editors	nm0228341
tt1556132	production_companies	co0025759
tt1556141	directors	nm3403332
tt1556141	production_companies	co0073045
tt1556143	cast	nm3138348
tt1556143	cast	nm3704574
tt1556143	cast	nm2399312
tt1556143	cast	nm7071141
tt1556143	cast	nm3704451
tt1556143	directors	nm1360804
tt1556143	writers	nm3716663
tt1556143	writers	nm0058302
tt1556143	writers	nm1360804
tt1556143	producers	nm0096115
tt1556143	producers	nm0742492
tt1556143	producers	nm0946003
tt1556143	cinematographers	nm0150832
tt1556143	editors	nm0482560
tt1556143	casting_directors	nm3716691
tt1556143	sound_department	nm2676381
tt1556143	sound_department	nm2520667
tt1556143	sound_department	nm0943135
tt1556143	script_department	nm2548076
tt1556143	production_companies	co0328230
tt1556143	production_companies	co0099734
tt1556143	production_companies	co0323370
tt1556143	production_companies	co0748305
tt1556145	cast	nm0013833
tt1556145	cast	nm2816919
tt1556145	cast	nm1796197
tt1556145	cast	nm3704497
tt1556145	cast	nm0530842
tt1556145	directors	nm1296670
tt1556145	writers	nm3359160
tt1556145	producers	nm2488584
tt1556145	composers	nm0345150
tt1556145	editors	nm0910855
tt1556145	production_companies	co0027096
tt1556146	cast	nm1698607
tt1556146	cast	nm2322657
tt1556146	cast	nm0022845
tt1556146	cast	nm3704811
tt1556146	cast	nm0032661
tt1556146	directors	nm0947998
tt1556146	writers	nm0191763
tt1556146	writers	nm0947998
tt1556146	producers	nm0951020
tt1556146	composers	nm0876832
tt1556146	composers	nm0960231
tt1556146	cinematographers	nm0644861
tt1556146	editors	nm0228341
tt1556146	production_companies	co0025759
tt15561538	cast	nm10711686
tt15561538	cast	nm2012363
tt15561538	cast	nm3278443
tt15561538	producers	nm2012363
tt1556154	cast	nm0033324
tt1556154	cast	nm0879608
tt1556154	cast	nm3714224
tt1556154	cast	nm3715242
tt1556154	cast	nm0320876
tt1556154	directors	nm0947998
tt1556154	writers	nm0877190
tt1556154	producers	nm0947998
tt1556154	composers	nm1637057
tt1556154	cinematographers	nm0015122
tt1556154	editors	nm0462232
tt1556154	production_companies	co0049353
tt1556157	cast	nm1359720
tt1556157	cast	nm0407329
tt1556157	cast	nm0442886
tt1556157	cast	nm1731956
tt1556157	cast	nm0463656
tt1556157	directors	nm0949031
tt1556157	writers	nm0407456
tt1556157	writers	nm2542268
tt1556157	writers	nm1151788
tt1556157	cinematographers	nm0879693
tt1556157	production_companies	co0136242
tt1556158	cast	nm3534051
tt1556158	cast	nm0385443
tt1556158	cast	nm1011740
tt1556158	cast	nm3704756
tt1556158	cast	nm0621197
tt1556158	directors	nm0793646
tt1556158	writers	nm3717133
tt1556158	writers	nm0793646
tt1556158	composers	nm0411881
tt1556158	cinematographers	nm1628663
tt1556158	art_directors	nm0260056
tt1556158	production_managers	nm1761176
tt1556158	sound_department	nm3715635
tt1556158	production_companies	co0136242
tt1556159	cast	nm3704899
tt1556159	cast	nm3166442
tt1556159	cast	nm3704852
tt1556159	cast	nm3704918
tt1556159	cast	nm3026515
tt1556159	directors	nm3446950
tt1556159	writers	nm3713552
tt1556159	producers	nm2779501
tt1556159	production_companies	co0219226
tt15561672	cast	nm2339238
tt15561672	cast	nm9071885
tt15561672	cast	nm7819519
tt15561672	cast	nm4180684
tt15561672	cast	nm4143944
tt15561672	directors	nm5721324
tt15561672	writers	nm10573613
tt15561672	producers	nm12750717
tt15561672	producers	nm12750719
tt15561672	producers	nm5721324
tt15561672	producers	nm13002648
tt15561672	cinematographers	nm10196544
tt15561672	editors	nm7448683
tt15561672	production_designers	nm12750719
tt15561672	assistant_directors	nm11557997
tt15561672	script_department	nm9599928
tt15561672	production_companies	co0718714
tt1556174	cast	nm0437482
tt1556174	cast	nm0960007
tt1556174	cast	nm1160234
tt1556174	cast	nm1133320
tt1556174	directors	nm3718481
tt1556174	writers	nm1894462
tt1556174	producers	nm3717901
tt1556174	producers	nm2693131
tt1556174	cinematographers	nm3718376
tt1556174	editors	nm2788078
tt1556174	sound_department	nm3718725
tt1556174	camera_department	nm1473674
tt1556174	production_companies	co0291280
tt1556174	distributors	co0291280
tt1556175	cast	nm3432981
tt1556175	cast	nm2471843
tt1556175	cast	nm3540482
tt1556175	cast	nm3433932
tt1556175	cast	nm3763260
tt1556175	directors	nm0853393
tt1556175	writers	nm0762834
tt1556175	writers	nm1316290
tt1556175	producers	nm3291233
tt1556175	producers	nm3799820
tt1556175	producers	nm10330299
tt1556175	composers	nm0619962
tt1556175	composers	nm2551742
tt1556175	special_effects	nm0125206
tt1556175	visual_effects	nm5275234
tt1556175	visual_effects	nm3833382
tt1556175	visual_effects	nm10089891
tt1556175	visual_effects	nm10007588
tt1556175	visual_effects	nm10368791
tt1556175	stunts	nm5795555
tt1556175	stunts	nm6028148
tt1556175	stunts	nm6499714
tt1556175	stunts	nm3379760
tt1556175	stunts	nm0847245
tt1556175	production_companies	co0053157
tt1556175	production_companies	co0025002
tt1556175	production_companies	co0058338
tt1556175	production_companies	co0144075
tt1556175	production_companies	co0296791
tt1556175	distributors	co0053157
tt1556175	distributors	co0778284
tt1556175	distributors	co0778284
tt1556175	distributors	co0778284
tt1556175	distributors	co0778284
tt1556176	cast	nm3709724
tt1556176	cast	nm3119545
tt1556176	cast	nm1191916
tt1556176	cast	nm0475869
tt1556176	cast	nm0847562
tt1556176	directors	nm0297934
tt1556176	writers	nm0559422
tt1556176	writers	nm3780896
tt1556176	production_companies	co0003357
tt1556176	distributors	co0224881
tt1556176	distributors	co0108153
tt1556177	cast	nm1513178
tt1556177	cast	nm0149195
tt1556177	cast	nm0258899
tt1556177	cast	nm1514458
tt1556177	cast	nm0438736
tt1556177	directors	nm1959930
tt1556177	cinematographers	nm0133578
tt1556177	production_companies	co0290603
tt15561858	cast	nm1030401
tt15561858	cast	nm0474820
tt15561858	cast	nm1033232
tt15561858	directors	nm13002696
tt15561858	producers	nm13002697
tt1556186	cast	nm1517561
tt1556186	cast	nm2083687
tt1556186	cast	nm2111911
tt1556186	cast	nm0554031
tt1556186	cast	nm2504650
tt1556186	directors	nm2462148
tt1556186	writers	nm2462148
tt1556186	producers	nm2462148
tt1556186	producers	nm2875718
tt1556186	producers	nm3316219
tt1556186	producers	nm3289281
tt1556186	cinematographers	nm0136338
tt1556186	editors	nm3349797
tt1556186	editors	nm1770645
tt1556186	art_directors	nm2484053
tt1556186	make_up_department	nm2783021
tt1556186	assistant_directors	nm2612784
tt1556186	assistant_directors	nm1595149
tt1556186	sound_department	nm2602698
tt1556186	sound_department	nm3448149
tt1556186	production_companies	co0050251
tt1556189	directors	nm0647240
tt1556189	writers	nm0647240
tt1556189	writers	nm3714932
tt1556189	producers	nm0162317
tt1556189	producers	nm1072255
tt1556189	producers	nm0321333
tt1556189	producers	nm1389567
tt1556189	producers	nm1001391
tt1556189	composers	nm2356106
tt1556189	cinematographers	nm0647240
tt1556189	editors	nm0723062
tt1556189	editorial_department	nm3715219
tt1556189	assistant_directors	nm3715219
tt1556189	sound_department	nm3704599
tt1556189	sound_department	nm3715437
tt1556189	sound_department	nm1744212
tt1556189	production_companies	co0132227
tt1556189	production_companies	co0207767
tt1556189	production_companies	co0068835
tt1556189	production_companies	co0290556
tt1556189	production_companies	co0118073
tt15561902	cast	nm1029083
tt15561902	cast	nm1030401
tt15561902	cast	nm3881086
tt15561902	cast	nm6204622
tt15561902	directors	nm3454973
tt15561902	writers	nm3454973
tt15561902	producers	nm3454973
tt15561902	producers	nm8481661
tt15561902	assistant_directors	nm12491608
tt15561902	production_companies	co0540682
tt15561902	distributors	co0540682
tt1556190	cast	nm4393646
tt1556190	cast	nm4394851
tt1556190	cast	nm4394722
tt1556190	cast	nm6504258
tt1556190	cast	nm4394809
tt1556190	directors	nm0350099
tt1556190	writers	nm0350099
tt1556190	producers	nm1379218
tt1556190	producers	nm2728240
tt1556190	producers	nm1473834
tt1556190	producers	nm2167337
tt1556190	producers	nm4049990
tt1556190	composers	nm0592164
tt1556190	composers	nm0864823
tt1556190	cinematographers	nm0229170
tt1556190	editors	nm0350099
tt1556190	editors	nm1724902
tt1556190	editorial_department	nm0501945
tt1556190	editorial_department	nm1927522
tt1556190	assistant_directors	nm1473834
tt1556190	assistant_directors	nm2632303
tt1556190	sound_department	nm8028230
tt1556190	sound_department	nm1144247
tt1556190	sound_department	nm1405029
tt1556190	sound_department	nm0703696
tt1556190	sound_department	nm0927924
tt1556190	camera_department	nm2632303
tt1556190	production_companies	co0290647
tt1556190	production_companies	co0296656
tt1556190	production_companies	co0075650
tt1556190	production_companies	co0290551
tt1556190	production_companies	co0007699
tt1556190	distributors	co0077553
tt1556190	distributors	co0046064
tt1556190	distributors	co0125985
tt1556190	distributors	co0125985
tt1556190	distributors	co0033000
tt15561918	cast	nm1007581
tt15561918	cast	nm6106360
tt15561918	cast	nm11616352
tt15561918	cast	nm13002722
tt15561918	directors	nm9717026
tt15561918	producers	nm13002723
tt15561918	composers	nm0006137
tt15561918	production_companies	co0884457
tt15561922	cast	nm6204616
tt15561922	cast	nm9019070
tt15561922	cast	nm12968081
tt15561922	cast	nm1033231
tt15561922	directors	nm3454973
tt15561922	writers	nm3454973
tt15561922	producers	nm3454973
tt15561922	assistant_directors	nm12491608
tt15561922	production_companies	co0540682
tt15561922	distributors	co0540682
tt15561926	cast	nm13002726
tt15561926	cast	nm4542825
tt15561926	cast	nm13002724
tt15561926	cast	nm13002725
tt15561926	cast	nm6114295
tt15561926	directors	nm3162655
tt15561926	writers	nm3162655
tt15561926	composers	nm5509257
tt15561926	composers	nm13002727
tt15561926	editors	nm6377788
tt15561930	cast	nm9014665
tt15561930	cast	nm9313348
tt15561930	cast	nm12677448
tt15561930	cast	nm6272922
tt15561930	cast	nm12315525
tt15561930	directors	nm2718874
tt15561930	writers	nm10573613
tt15561930	producers	nm3100048
tt15561930	composers	nm12480544
tt15561930	cinematographers	nm2143799
tt15561930	editors	nm12315530
tt15561930	editorial_department	nm12480539
tt15561930	make_up_department	nm12794504
tt15561930	production_managers	nm12359250
tt15561930	sound_department	nm12480543
tt15561930	camera_department	nm2167961
tt15561930	camera_department	nm13003060
tt15561930	camera_department	nm12794502
tt15561930	camera_department	nm10006366
tt15561930	camera_department	nm12677452
tt15561930	casting_department	nm3100048
tt15561930	costume_departmen	nm12794503
tt15561930	costume_departmen	nm12694153
tt15561930	costume_departmen	nm2617177
tt15561930	costume_departmen	nm2544998
tt15561930	script_department	nm12480542
tt15561930	transportation_department	nm12480577
tt15561930	production_companies	co0884458
tt15561930	production_companies	co0232075
tt1556193	cast	nm0017079
tt1556193	cast	nm2305638
tt1556193	cast	nm2084924
tt1556193	cast	nm0445060
tt1556193	cast	nm0578263
tt1556193	directors	nm0702477
tt1556193	writers	nm0182041
tt1556193	writers	nm3713673
tt1556193	producers	nm2208820
tt1556193	producers	nm0182063
tt1556193	cinematographers	nm0105198
tt1556193	editors	nm0031602
tt1556193	editorial_department	nm4841903
tt1556193	editorial_department	nm6105850
tt1556193	casting_directors	nm0890392
tt1556193	production_designers	nm0034151
tt1556193	sound_department	nm2575308
tt1556193	sound_department	nm3923473
tt1556193	sound_department	nm0626433
tt1556193	sound_department	nm3561642
tt1556193	camera_department	nm0182210
tt1556193	camera_department	nm2439224
tt1556193	camera_department	nm6377598
tt1556193	camera_department	nm0587376
tt1556193	camera_department	nm0870374
tt1556193	music_department	nm4175726
tt1556193	production_companies	co0110494
tt1556193	production_companies	co0058910
tt1556193	production_companies	co0010977
tt1556193	distributors	co0110494
tt1556193	distributors	co0279838
tt1556196	directors	nm1376857
tt1556196	writers	nm1376857
tt1556196	producers	nm2218072
tt1556196	producers	nm2450533
tt1556196	producers	nm1376857
tt1556196	cinematographers	nm0798589
tt1556196	art_directors	nm1445386
tt1556196	sound_department	nm1198477
tt1556196	production_companies	co0255490
tt1556206	cast	nm0003408
tt1556206	directors	nm0003408
tt1556206	cinematographers	nm0142104
tt1556206	cinematographers	nm0494428
tt1556206	editors	nm0003408
tt1556206	sound_department	nm0746206
tt1556206	production_companies	co0074956
tt1556206	distributors	co0290664
tt15562084	cast	nm3056725
tt15562084	cast	nm3392688
tt15562084	cast	nm0154164
tt15562084	cast	nm1425584
tt15562084	cast	nm1586955
tt15562084	directors	nm11770480
tt15562084	composers	nm11829632
tt15562084	distributors	co0851097
tt1556210	cast	nm0271787
tt1556210	cast	nm0849257
tt1556210	cast	nm0787931
tt1556210	cast	nm2785414
tt1556210	cast	nm0345157
tt1556210	directors	nm1981446
tt1556210	writers	nm1981446
tt1556210	producers	nm2484853
tt1556210	composers	nm0910881
tt1556210	cinematographers	nm3714623
tt1556210	editors	nm0839302
tt1556210	set_decorators	nm0155191
tt1556210	production_managers	nm3232441
tt1556210	assistant_directors	nm0189916
tt1556210	sound_department	nm2890458
tt1556210	stunts	nm0514906
tt1556210	camera_department	nm2940847
tt1556210	production_companies	co0291457
tt1556211	cast	nm0882626
tt1556211	cast	nm3710604
tt1556211	cast	nm0676195
tt1556211	cast	nm3827279
tt1556211	cast	nm1386960
tt1556211	directors	nm0356867
tt1556211	writers	nm0356867
tt1556211	producers	nm0356867
tt1556211	composers	nm3704684
tt1556211	cinematographers	nm0356867
tt1556211	cinematographers	nm0374629
tt1556211	editors	nm0356867
tt1556211	editorial_department	nm3359030
tt1556211	make_up_department	nm0586581
tt1556211	art_department	nm0744292
tt1556211	sound_department	nm3711159
tt1556211	sound_department	nm0653766
tt1556211	camera_department	nm0375133
tt1556211	camera_department	nm0479279
tt1556211	costume_departmen	nm0586581
tt1556211	production_companies	co0041871
tt1556211	distributors	co0363592
tt1556212	cast	nm1501009
tt1556212	cast	nm0025646
tt1556212	cast	nm2084924
tt1556212	cast	nm2087661
tt1556212	cast	nm0381695
tt1556212	directors	nm0702477
tt1556212	writers	nm3713673
tt1556212	cinematographers	nm0105198
tt1556212	editors	nm0031602
tt1556212	costume_designers	nm2043231
tt1556212	assistant_directors	nm1770645
tt1556212	sound_department	nm2575308
tt1556212	production_companies	co0290590
tt1556212	production_companies	co0058910
tt1556212	distributors	co0290590
tt1556214	cast	nm0510514
tt1556214	cast	nm1391738
tt1556214	cast	nm1278879
tt1556214	cast	nm1457045
tt1556214	cast	nm3716531
tt1556214	directors	nm3717160
tt1556214	writers	nm4975262
tt1556214	writers	nm1082740
tt1556214	producers	nm4975262
tt1556214	producers	nm10456869
tt1556214	producers	nm1082740
tt1556214	editors	nm2529779
tt1556214	editorial_department	nm3656168
tt1556214	production_companies	co0113156
tt1556214	distributors	co0043365
tt1556214	distributors	co0068458
tt1556216	cast	nm1514213
tt1556216	cast	nm0297800
tt1556216	cast	nm3704674
tt1556216	cast	nm3704621
tt1556216	cast	nm0455828
tt1556216	directors	nm3704399
tt1556216	writers	nm3704791
tt1556216	writers	nm1857020
tt1556216	producers	nm3329151
tt1556216	composers	nm0412827
tt1556216	cinematographers	nm0555463
tt1556216	editors	nm0855376
tt1556216	art_directors	nm0474741
tt1556216	sound_department	nm3704521
tt1556216	camera_department	nm3704754
tt1556216	camera_department	nm3716789
tt1556216	production_companies	co0136242
tt1556217	cast	nm0532612
tt1556217	cast	nm2697792
tt1556217	directors	nm3717901
tt1556217	writers	nm2697792
tt1556217	make_up_department	nm1730404
tt1556217	production_companies	co0291280
tt15562186	cast	nm12585322
tt15562186	writers	nm12585322
tt15562186	producers	nm12585322
tt1556219	cast	nm0156974
tt1556219	cast	nm2382127
tt1556219	cast	nm0523745
tt1556219	cast	nm2959454
tt1556219	cast	nm0950623
tt1556219	directors	nm0403226
tt1556219	writers	nm3704675
tt1556219	producers	nm0403226
tt1556219	composers	nm0159450
tt1556219	cinematographers	nm1525350
tt1556219	editors	nm2321379
tt1556219	production_managers	nm3713226
tt1556219	production_managers	nm3714158
tt1556219	assistant_directors	nm0671834
tt1556219	stunts	nm2693620
tt1556219	production_companies	co0158235
tt1556219	production_companies	co0062333
tt1556219	distributors	co0182362
tt1556219	distributors	co0723886
tt1556219	distributors	co0723886
tt1556219	distributors	co0579740
tt1556219	distributors	co0651697
tt1556220	cast	nm1687017
tt1556220	cast	nm3483509
tt1556220	cast	nm0410911
tt1556220	cast	nm0033152
tt1556220	cast	nm0474731
tt1556220	directors	nm1659919
tt1556220	writers	nm1206801
tt1556220	writers	nm3718564
tt1556220	producers	nm3718391
tt1556220	producers	nm0906736
tt1556220	composers	nm3718013
tt1556220	cinematographers	nm2631218
tt1556220	editors	nm0559562
tt1556220	production_companies	co0045853
tt1556220	production_companies	co0134171
tt1556220	distributors	co0045853
tt1556220	distributors	co0027764
tt1556220	distributors	co0370819
tt1556221	cast	nm0151110
tt1556221	cast	nm3243037
tt1556221	cast	nm0477099
tt1556221	cast	nm0523745
tt1556221	cast	nm1702377
tt1556221	directors	nm3639744
tt1556221	writers	nm3639744
tt1556221	producers	nm3704555
tt1556221	composers	nm3718717
tt1556221	composers	nm3718406
tt1556221	cinematographers	nm0481675
tt1556221	editors	nm3015777
tt1556221	editors	nm2964370
tt1556221	art_directors	nm2996586
tt1556221	set_decorators	nm2652536
tt1556221	costume_designers	nm2788002
tt1556221	make_up_department	nm3718133
tt1556221	production_managers	nm0270501
tt1556221	art_department	nm3717544
tt1556221	sound_department	nm2784073
tt1556221	camera_department	nm3716881
tt1556221	camera_department	nm3704632
tt1556221	camera_department	nm3084601
tt1556221	camera_department	nm3718472
tt1556221	camera_department	nm1968448
tt1556221	script_department	nm3717587
tt1556221	script_department	nm3704847
tt1556221	production_companies	co0290809
tt1556221	distributors	co0042829
tt1556221	distributors	co0645631
tt1556222	cast	nm0008384
tt1556222	cast	nm0297922
tt1556222	cast	nm0383091
tt1556222	cast	nm0410965
tt1556222	cast	nm1149262
tt1556222	directors	nm1762016
tt1556222	writers	nm1729343
tt1556222	writers	nm1178939
tt1556222	writers	nm3704825
tt1556222	producers	nm0462698
tt1556222	composers	nm0756907
tt1556222	cinematographers	nm3704704
tt1556222	sound_department	nm1154061
tt1556222	camera_department	nm1248739
tt1556222	production_companies	co0022792
tt15562322	cast	nm9779430
tt15562322	cast	nm13003447
tt15562322	cast	nm13003443
tt15562322	cast	nm13003439
tt15562322	cast	nm2118672
tt15562322	directors	nm6334560
tt15562322	writers	nm10573613
tt15562322	producers	nm6334560
tt15562322	cinematographers	nm7841362
tt15562322	editors	nm8812840
tt15562322	costume_designers	nm12298682
tt15562322	production_managers	nm13003450
tt15562322	art_department	nm7636518
tt15562322	art_department	nm12739508
tt15562322	sound_department	nm12743882
tt15562322	camera_department	nm12823889
tt15562322	costume_departmen	nm13003448
tt15562322	location_management	nm13003449
tt15562322	script_department	nm13003450
tt15562322	production_companies	co0648705
tt1556235	cast	nm2064311
tt1556235	cast	nm3287631
tt1556235	cast	nm3709579
tt1556235	cast	nm3722505
tt1556235	cast	nm3721783
tt1556235	directors	nm2944510
tt1556235	writers	nm2944510
tt1556235	producers	nm3704877
tt1556235	producers	nm1315718
tt1556235	composers	nm0701736
tt1556235	composers	nm3717119
tt1556235	cinematographers	nm3718538
tt1556235	cinematographers	nm1619116
tt1556235	cinematographers	nm1869806
tt1556235	cinematographers	nm2353151
tt1556235	editors	nm1490129
tt1556235	editors	nm0688418
tt1556235	sound_department	nm2918683
tt1556235	production_companies	co0290655
tt1556235	distributors	co0013526
tt1556236	cast	nm3718255
tt1556236	cast	nm0119059
tt1556236	cast	nm0246152
tt1556236	cast	nm0947276
tt1556236	cast	nm0451696
tt1556236	directors	nm0246152
tt1556236	directors	nm1118134
tt1556236	production_companies	co0290681
tt1556243	cast	nm0956495
tt1556243	cast	nm0675409
tt1556243	cast	nm0000565
tt1556243	cast	nm0761342
tt1556243	cast	nm3141699
tt1556243	directors	nm0002120
tt1556243	writers	nm1168219
tt1556243	writers	nm1168219
tt1556243	writers	nm0002120
tt1556243	producers	nm0085016
tt1556243	producers	nm0361425
tt1556243	producers	nm0645072
tt1556243	producers	nm0692792
tt1556243	producers	nm1315966
tt1556243	composers	nm2364669
tt1556243	cinematographers	nm0599462
tt1556243	editors	nm0025470
tt1556243	editors	nm0879368
tt1556243	editorial_department	nm4776236
tt1556243	editorial_department	nm2889534
tt1556243	editorial_department	nm0230644
tt1556243	editorial_department	nm2953143
tt1556243	editorial_department	nm1409300
tt1556243	casting_directors	nm0379257
tt1556243	production_designers	nm0475063
tt1556243	art_directors	nm0922732
tt1556243	costume_designers	nm0839267
tt1556243	make_up_department	nm0105614
tt1556243	make_up_department	nm1043759
tt1556243	make_up_department	nm1277639
tt1556243	production_managers	nm1646718
tt1556243	production_managers	nm1250499
tt1556243	production_managers	nm0753474
tt1556243	production_managers	nm2391432
tt1556243	assistant_directors	nm2402946
tt1556243	assistant_directors	nm0645086
tt1556243	assistant_directors	nm2535797
tt1556243	art_department	nm1277490
tt1556243	art_department	nm3144126
tt1556243	art_department	nm2098935
tt1556243	art_department	nm0424040
tt1556243	art_department	nm2021468
tt1556243	sound_department	nm1023627
tt1556243	sound_department	nm0249694
tt1556243	sound_department	nm0347696
tt1556243	sound_department	nm2198897
tt1556243	sound_department	nm0469812
tt1556243	special_effects	nm0363649
tt1556243	special_effects	nm3972010
tt1556243	special_effects	nm3978871
tt1556243	special_effects	nm1459664
tt1556243	special_effects	nm2062537
tt1556243	visual_effects	nm5240369
tt1556243	visual_effects	nm3757548
tt1556243	visual_effects	nm5240246
tt1556243	visual_effects	nm2625868
tt1556243	visual_effects	nm4457986
tt1556243	stunts	nm2588184
tt1556243	stunts	nm0387073
tt1556243	stunts	nm10195998
tt1556243	stunts	nm0508312
tt1556243	stunts	nm4310731
tt1556243	camera_department	nm4124694
tt1556243	camera_department	nm4147146
tt1556243	camera_department	nm0960802
tt1556243	camera_department	nm0345663
tt1556243	camera_department	nm2972399
tt1556243	location_management	nm4918347
tt1556243	location_management	nm5365423
tt1556243	location_management	nm4870138
tt1556243	location_management	nm4508911
tt1556243	location_management	nm0753163
tt1556243	music_department	nm0089016
tt1556243	music_department	nm0242161
tt1556243	music_department	nm0287816
tt1556243	music_department	nm2747682
tt1556243	script_department	nm1171502
tt1556243	script_department	nm1121694
tt1556243	production_companies	co0014706
tt1556243	production_companies	co0012165
tt1556243	production_companies	co0050989
tt1556243	distributors	co0008399
tt1556243	distributors	co0050791
tt1556243	distributors	co0093673
tt1556243	distributors	co0051618
tt1556243	distributors	co0363592
tt1556254	cast	nm0437827
tt1556254	cast	nm0637603
tt1556254	cast	nm0997681
tt1556254	cast	nm0624346
tt1556254	cast	nm1217317
tt1556254	directors	nm3713887
tt1556254	writers	nm0298561
tt1556254	producers	nm0297668
tt1556254	composers	nm1165535
tt1556254	cinematographers	nm1135097
tt1556254	production_companies	co0067278
tt1556254	distributors	co0067278
tt1556258	cast	nm0117363
tt1556258	cast	nm3712157
tt1556258	cast	nm3709655
tt1556258	cast	nm3710273
tt1556258	cast	nm3710680
tt1556258	directors	nm0356867
tt1556258	writers	nm0356867
tt1556258	composers	nm3704568
tt1556258	cinematographers	nm0356867
tt1556258	sound_department	nm3704568
tt1556258	sound_department	nm3711563
tt1556258	music_department	nm3704568
tt1556258	music_department	nm3704464
tt1556258	music_department	nm3704419
tt1556258	music_department	nm3704873
tt1556258	production_companies	co0041871
tt1556258	production_companies	co0013526
tt1556258	distributors	co0363592
tt1556260	cast	nm3717830
tt1556260	cast	nm3704413
tt1556260	cast	nm3640101
tt1556260	directors	nm2943498
tt1556260	production_companies	co0290960
tt1556260	distributors	co0053157
tt1556263	cast	nm0008377
tt1556263	cast	nm3704436
tt1556263	cast	nm0034884
tt1556263	cast	nm3704442
tt1556263	cast	nm3482676
tt1556263	directors	nm3704587
tt1556263	writers	nm3704748
tt1556263	writers	nm1672264
tt1556263	producers	nm6457141
tt1556263	producers	nm3717261
tt1556263	composers	nm0412827
tt1556263	cinematographers	nm0412512
tt1556263	editors	nm1109636
tt1556263	art_directors	nm0475901
tt1556263	sound_department	nm3717075
tt1556263	camera_department	nm3716866
tt1556263	script_department	nm3704876
tt1556263	production_companies	co0291433
tt1556263	distributors	co0007001
tt15562854	cast	nm1086695
tt15562854	cast	nm1158707
tt15562854	cast	nm1416885
tt15562854	cast	nm1416386
tt15562854	cast	nm1293670
tt15562854	directors	nm2949565
tt15562854	production_companies	co0884476
tt15563084	cast	nm1303544
tt15563084	cast	nm0272365
tt15563084	cast	nm0065743
tt15563084	cast	nm0134642
tt15563084	cast	nm0512633
tt15563084	directors	nm2468772
tt15563084	producers	nm2468772
tt15563084	producers	nm1144690
tt15563084	producers	nm1303544
tt15563084	producers	nm13003431
tt15563084	producers	nm1173226
tt15563084	cinematographers	nm5536322
tt15563084	editors	nm8164034
tt15563084	make_up_department	nm7971759
tt15563084	production_managers	nm12139056
tt15563084	sound_department	nm3804823
tt15563084	sound_department	nm8082978
tt15563084	visual_effects	nm13003435
tt15563084	visual_effects	nm13003434
tt15563084	camera_department	nm10421021
tt15563084	camera_department	nm12222476
tt15563084	camera_department	nm10459632
tt15563084	music_department	nm3125996
tt15563084	production_companies	co0733153
tt15563084	production_companies	co0884479
tt15563084	distributors	co0575013
tt15563084	distributors	co0224373
tt15563388	cast	nm13003521
tt15563388	cast	nm13003519
tt15563388	cast	nm13003520
tt15563388	directors	nm12811260
tt15563388	producers	nm12811260
tt15563388	producers	nm12811267
tt15563388	composers	nm13003522
tt15563388	composers	nm12979603
tt15563388	cinematographers	nm12811260
tt15563388	editors	nm12811260
tt15563450	directors	nm5782928
tt15563450	writers	nm5782928
tt15563450	producers	nm5782928
tt15563450	production_companies	co0550435
tt15563488	directors	nm13003536
tt15563502	directors	nm0319419
tt15563502	writers	nm0319419
tt15563502	producers	nm0319419
tt15563502	production_companies	co0073385
tt15563502	distributors	co0658162
tt15564164	directors	nm8036839
tt15564164	writers	nm8036839
tt15564164	producers	nm8036839
tt15564164	cinematographers	nm8036839
tt15564164	editors	nm8036839
tt15564164	production_companies	co0626949
tt15564408	cast	nm12136149
tt15564408	cast	nm11084232
tt15564408	cast	nm13003747
tt15564408	cast	nm12768714
tt15564408	cast	nm13003748
tt15564408	directors	nm7466437
tt15564408	writers	nm7466437
tt15564408	producers	nm7466437
tt15564408	composers	nm7466437
tt15564408	cinematographers	nm9119542
tt15564408	editors	nm7466437
tt15564408	make_up_department	nm9537242
tt15564408	assistant_directors	nm9323253
tt15564408	sound_department	nm11277113
tt15564408	camera_department	nm13006573
tt15564408	camera_department	nm9119542
tt15564408	camera_department	nm13003751
tt15564408	camera_department	nm13003748
tt15564408	location_management	nm13006574
tt15564408	location_management	nm7466437
tt15564408	production_companies	co0884491
tt15564596	cast	nm10711682
tt15564596	cast	nm10711686
tt15564596	cast	nm2012363
tt15564596	cast	nm12900415
tt15564596	directors	nm12931993
tt15564596	producers	nm2012363
tt15564596	cinematographers	nm6008238
tt15564666	directors	nm2858023
tt15564666	producers	nm6219567
tt15564666	producers	nm3261008
tt15564666	producers	nm11171535
tt15564666	producers	nm12038207
tt15564666	producers	nm0605344
tt15564666	cinematographers	nm2202026
tt15564666	cinematographers	nm2858023
tt15564666	editors	nm2202026
tt15564666	production_companies	co0504633
tt15564666	distributors	co0003500
tt15565050	cast	nm0007106
tt15565050	cast	nm2287420
tt15565050	cast	nm10382020
tt15565050	cast	nm0557625
tt15565050	cast	nm10923134
tt15565050	directors	nm5509584
tt15565050	writers	nm13003936
tt15565050	producers	nm13106354
tt15565050	composers	nm12491721
tt15565050	composers	nm2971365
tt15565050	cinematographers	nm7713567
tt15565050	editors	nm5509584
tt15565050	production_companies	co0698092
tt15565050	distributors	co0698092
tt15565412	cast	nm1682799
tt15565412	cast	nm7132924
tt15565412	directors	nm10668339
tt15565412	writers	nm0367885
tt15565412	writers	nm10539203
tt15565412	producers	nm6478133
tt15565412	cinematographers	nm0823430
tt15565412	editors	nm10668339
tt15565412	casting_directors	nm4234768
tt15565412	production_designers	nm5661411
tt15565412	make_up_department	nm9688381
tt15565412	make_up_department	nm8620376
tt15565412	production_managers	nm10219135
tt15565412	production_managers	nm10831788
tt15565412	production_managers	nm5715286
tt15565412	production_managers	nm12805580
tt15565412	production_managers	nm10736906
tt15565412	sound_department	nm7635159
tt15565412	stunts	nm7617057
tt15565412	camera_department	nm10353490
tt15565412	camera_department	nm10716661
tt15565412	camera_department	nm9663058
tt15565412	script_department	nm12090119
tt15565412	production_companies	co0185099
tt1556544	directors	nm1956635
tt1556544	producers	nm1956635
tt1556544	cinematographers	nm3186777
tt1556544	cinematographers	nm1636998
tt1556544	editors	nm1956635
tt1556544	sound_department	nm3706275
tt1556544	camera_department	nm3949298
tt1556550	cast	nm3706491
tt1556550	directors	nm2690458
tt1556550	writers	nm1522126
tt1556550	writers	nm1522126
tt1556550	producers	nm2321748
tt1556550	producers	nm3714610
tt1556550	composers	nm3706378
tt1556550	cinematographers	nm2690458
tt1556550	editors	nm2690458
tt1556550	production_companies	co0290766
tt1556550	distributors	co0291420
tt15565562	cast	nm2457204
tt15565562	cast	nm4121749
tt15565562	cast	nm9960244
tt15565562	cast	nm7438290
tt15565562	cast	nm12312107
tt15565562	directors	nm10909081
tt15565562	writers	nm9960244
tt15565562	producers	nm9960244
tt15565562	cinematographers	nm11010673
tt15565562	production_designers	nm9190422
tt15565562	set_decorators	nm9190422
tt15565562	make_up_department	nm2603607
tt15565562	production_managers	nm2603607
tt15565562	sound_department	nm2783983
tt15565562	stunts	nm9960244
tt15565562	stunts	nm13094017
tt15565562	stunts	nm13004150
tt15565562	camera_department	nm10588999
tt15565562	camera_department	nm9190422
tt15565562	location_management	nm2603607
tt1556559	cast	nm3706607
tt1556559	cast	nm3373328
tt1556559	directors	nm3709647
tt1556559	cinematographers	nm3709828
tt15565620	cast	nm7593305
tt15565620	cast	nm2082918
tt15565620	cast	nm2046763
tt15565620	cast	nm0597700
tt15565620	directors	nm0276454
tt15565620	directors	nm5416459
tt15565620	writers	nm5416459
tt15565620	producers	nm0276454
tt15565620	producers	nm5416459
tt15565620	composers	nm7238486
tt15565620	cinematographers	nm1379923
tt15565620	editors	nm0276454
tt15565620	art_directors	nm6896388
tt15565620	sound_department	nm3158160
tt15565620	sound_department	nm0276454
tt15565620	sound_department	nm2185861
tt15565620	production_companies	co0165037
tt1556566	directors	nm0150636
tt1556566	writers	nm0150636
tt1556566	producers	nm0150636
tt1556566	producers	nm1199684
tt1556566	producers	nm0885774
tt1556566	composers	nm3708812
tt1556566	cinematographers	nm0317673
tt1556566	cinematographers	nm2736748
tt1556566	editors	nm0370692
tt1556566	editorial_department	nm1599054
tt1556566	sound_department	nm1275600
tt15565704	cast	nm12857016
tt15565704	cast	nm10691238
tt15565704	cast	nm11314798
tt15565704	cast	nm10623301
tt15565704	cast	nm9803168
tt15565704	directors	nm1875051
tt15565704	writers	nm4867625
tt15565704	producers	nm1875051
tt15565704	producers	nm10885020
tt15565704	producers	nm11219740
tt15565704	composers	nm9451458
tt15565704	cinematographers	nm0468384
tt15565704	editors	nm4747298
tt15565704	editorial_department	nm13223860
tt15565704	editorial_department	nm8925234
tt15565704	editorial_department	nm10289655
tt15565704	production_designers	nm1729984
tt15565704	costume_designers	nm11319654
tt15565704	make_up_department	nm13165332
tt15565704	make_up_department	nm13223862
tt15565704	make_up_department	nm13223863
tt15565704	make_up_department	nm13087157
tt15565704	make_up_department	nm13045267
tt15565704	production_managers	nm10693779
tt15565704	production_managers	nm3491655
tt15565704	assistant_directors	nm12926087
tt15565704	assistant_directors	nm12651424
tt15565704	art_department	nm13223846
tt15565704	art_department	nm9588114
tt15565704	art_department	nm10693779
tt15565704	art_department	nm13223845
tt15565704	art_department	nm13223849
tt15565704	sound_department	nm9451458
tt15565704	sound_department	nm3955595
tt15565704	sound_department	nm12704257
tt15565704	sound_department	nm12476738
tt15565704	special_effects	nm12704257
tt15565704	visual_effects	nm13223864
tt15565704	visual_effects	nm12586028
tt15565704	visual_effects	nm3954032
tt15565704	visual_effects	nm4965818
tt15565704	camera_department	nm12801365
tt15565704	camera_department	nm9723918
tt15565704	camera_department	nm13223852
tt15565704	camera_department	nm10708780
tt15565704	camera_department	nm12993421
tt15565704	casting_department	nm1875051
tt15565704	costume_departmen	nm13223856
tt15565704	costume_departmen	nm13223857
tt15565704	costume_departmen	nm13223859
tt15565704	costume_departmen	nm13223858
tt15565704	location_management	nm9895666
tt15565704	location_management	nm13223861
tt15565704	music_department	nm12497997
tt15565704	script_department	nm12886774
tt15565704	distributors	co0144901
tt15565704	distributors	co0144901
tt15565710	directors	nm1180915
tt15565710	writers	nm5176971
tt15565710	writers	nm7431339
tt15565710	producers	nm5304692
tt15565710	producers	nm0327900
tt15565710	cinematographers	nm0143691
tt15565710	production_designers	nm6488963
tt15565710	assistant_directors	nm3125264
tt15565710	art_department	nm13240350
tt15565710	art_department	nm0665621
tt15565710	art_department	nm4736279
tt15565710	production_companies	co0577565
tt15565710	distributors	co0013650
tt15565714	cast	nm10187647
tt15565714	cast	nm8641316
tt15565714	cast	nm0952205
tt15565714	cast	nm3299274
tt15565714	cast	nm1682660
tt15565714	directors	nm1732848
tt15565714	writers	nm4748700
tt15565714	writers	nm5337662
tt15565714	producers	nm9663786
tt15565714	producers	nm1292863
tt15565714	producers	nm13032233
tt15565714	producers	nm1460171
tt15565714	producers	nm9676174
tt15565714	composers	nm4591403
tt15565714	cinematographers	nm2142911
tt15565714	editors	nm0436722
tt15565714	editorial_department	nm3201710
tt15565714	editorial_department	nm8817819
tt15565714	editorial_department	nm9319085
tt15565714	editorial_department	nm8781284
tt15565714	editorial_department	nm10636960
tt15565714	casting_directors	nm3754391
tt15565714	production_designers	nm1030365
tt15565714	costume_designers	nm6379087
tt15565714	make_up_department	nm7920016
tt15565714	make_up_department	nm12313931
tt15565714	make_up_department	nm9304033
tt15565714	make_up_department	nm9701904
tt15565714	make_up_department	nm13177052
tt15565714	production_managers	nm1849028
tt15565714	production_managers	nm10651851
tt15565714	production_managers	nm9687030
tt15565714	production_managers	nm4504620
tt15565714	production_managers	nm11787024
tt15565714	assistant_directors	nm9337201
tt15565714	assistant_directors	nm6031154
tt15565714	assistant_directors	nm9301337
tt15565714	assistant_directors	nm5340583
tt15565714	art_department	nm9717062
tt15565714	art_department	nm9301115
tt15565714	art_department	nm9301118
tt15565714	art_department	nm9301120
tt15565714	art_department	nm9657486
tt15565714	sound_department	nm2682741
tt15565714	sound_department	nm9662234
tt15565714	sound_department	nm2769183
tt15565714	sound_department	nm2766723
tt15565714	sound_department	nm4266084
tt15565714	special_effects	nm6313227
tt15565714	visual_effects	nm1457993
tt15565714	visual_effects	nm7695994
tt15565714	visual_effects	nm5206675
tt15565714	visual_effects	nm13177026
tt15565714	visual_effects	nm10595252
tt15565714	stunts	nm12073907
tt15565714	stunts	nm10253263
tt15565714	stunts	nm8793145
tt15565714	stunts	nm4238243
tt15565714	stunts	nm4248315
tt15565714	camera_department	nm4714015
tt15565714	camera_department	nm6325174
tt15565714	camera_department	nm7187118
tt15565714	camera_department	nm1248085
tt15565714	camera_department	nm5815033
tt15565714	casting_department	nm13177082
tt15565714	casting_department	nm2175038
tt15565714	casting_department	nm12313919
tt15565714	casting_department	nm11475574
tt15565714	costume_departmen	nm4237629
tt15565714	costume_departmen	nm7766213
tt15565714	costume_departmen	nm10172476
tt15565714	transportation_department	nm9303775
tt15565714	transportation_department	nm13177085
tt15565714	transportation_department	nm7604699
tt15565714	transportation_department	nm12902229
tt15565714	transportation_department	nm8382174
tt15565714	production_companies	co0144901
tt15565714	production_companies	co0296907
tt15565714	distributors	co0144901
tt15565724	cast	nm0094620
tt15565724	cast	nm1129670
tt15565724	cast	nm3123785
tt15565724	cast	nm7808411
tt15565724	cast	nm0294224
tt15565724	directors	nm2041883
tt15565724	writers	nm7533714
tt15565724	writers	nm8105852
tt15565724	writers	nm13140838
tt15565724	producers	nm4336150
tt15565724	producers	nm1823499
tt15565724	producers	nm5576343
tt15565724	editorial_department	nm5413496
tt15565724	editorial_department	nm1623270
tt15565724	set_decorators	nm8901595
tt15565724	production_managers	nm1265994
tt15565724	production_managers	nm1529603
tt15565724	production_managers	nm12987568
tt15565724	sound_department	nm6572386
tt15565724	sound_department	nm6500810
tt15565724	sound_department	nm11883114
tt15565724	sound_department	nm1858357
tt15565724	sound_department	nm8454502
tt15565724	visual_effects	nm4493538
tt15565724	production_companies	co0550935
tt15565724	distributors	co0144901
tt15565724	distributors	co0144901
tt15565754	cast	nm13004395
tt15565754	directors	nm4723120
tt15565754	writers	nm4723120
tt15565754	editors	nm4723120
tt15565754	production_companies	co0884545
tt15565784	cast	nm10054502
tt15565784	cast	nm3684453
tt15565784	cast	nm13004447
tt15565784	cast	nm13004445
tt15565784	cast	nm13004446
tt15565784	directors	nm13004439
tt15565784	directors	nm12872740
tt15565784	writers	nm9462829
tt15565784	writers	nm12872740
tt15565784	producers	nm12872740
tt15565784	composers	nm13004451
tt15565784	composers	nm13004450
tt15565784	editors	nm13004452
tt15565784	casting_directors	nm13004447
tt15565784	casting_directors	nm13004442
tt15565784	casting_directors	nm13005069
tt15565784	camera_department	nm13005068
tt15565784	costume_departmen	nm10054502
tt15565784	production_companies	co0876621
tt1556584	cast	nm3713748
tt1556584	cast	nm2387296
tt1556584	cast	nm0875801
tt1556584	directors	nm3706111
tt1556584	producers	nm3706111
tt1556584	cinematographers	nm3706111
tt1556584	editors	nm3706111
tt1556584	editors	nm3517985
tt1556584	sound_department	nm3517985
tt1556584	camera_department	nm2387296
tt1556584	camera_department	nm3517985
tt1556589	directors	nm1110578
tt1556589	producers	nm1110578
tt1556589	producers	nm0791685
tt1556589	cinematographers	nm2653777
tt1556589	cinematographers	nm1110578
tt1556589	cinematographers	nm2073120
tt1556589	cinematographers	nm2347006
tt1556589	editors	nm1791087
tt1556589	camera_department	nm2653777
tt1556589	camera_department	nm1110578
tt1556589	camera_department	nm1684712
tt1556589	camera_department	nm2347006
tt1556589	production_companies	co0290858
tt1556590	cast	nm2567166
tt1556590	cast	nm3663661
tt1556590	cast	nm2932101
tt1556590	cast	nm2703801
tt1556590	cast	nm2859863
tt1556590	directors	nm3389582
tt1556590	producers	nm1515170
tt1556590	cinematographers	nm2351869
tt1556590	editors	nm8161052
tt1556590	music_department	nm8161051
tt15565972	cast	nm0079273
tt15565972	cast	nm0252238
tt15565972	cast	nm0000298
tt15565972	cast	nm10453571
tt15565972	cast	nm7047874
tt15565972	directors	nm0914132
tt15565972	writers	nm0079273
tt15565972	writers	nm2693820
tt15565972	producers	nm0079273
tt15565972	producers	nm1088848
tt15565972	producers	nm2693820
tt15565972	producers	nm0772276
tt15565972	producers	nm0875736
tt15565972	cinematographers	nm1278007
tt15565972	editors	nm1731186
tt15565972	casting_directors	nm1799153
tt15565972	casting_directors	nm5477810
tt15565972	production_designers	nm0341463
tt15565972	art_directors	nm0823915
tt15565972	set_decorators	nm0414855
tt15565972	costume_designers	nm1639005
tt15565972	make_up_department	nm1849228
tt15565972	production_managers	nm1694144
tt15565972	assistant_directors	nm1183525
tt15565972	assistant_directors	nm0538894
tt15565972	assistant_directors	nm2781852
tt15565972	art_department	nm6144538
tt15565972	art_department	nm11518414
tt15565972	art_department	nm1766243
tt15565972	sound_department	nm6469709
tt15565972	sound_department	nm0370355
tt15565972	stunts	nm5049611
tt15565972	stunts	nm3262681
tt15565972	stunts	nm4234852
tt15565972	stunts	nm9043439
tt15565972	stunts	nm3640886
tt15565972	camera_department	nm11503794
tt15565972	camera_department	nm13237728
tt15565972	camera_department	nm3681981
tt15565972	camera_department	nm1741142
tt15565972	camera_department	nm4621783
tt15565972	casting_department	nm5654395
tt15565972	casting_department	nm5076386
tt15565972	location_management	nm4307026
tt15565972	music_department	nm1430267
tt15565972	script_department	nm3680177
tt15565972	transportation_department	nm9252392
tt15565972	production_companies	co0884555
tt15565978	cast	nm5152585
tt15565978	cast	nm0011038
tt15565978	cast	nm0916617
tt15565978	cast	nm0001267
tt15565978	cast	nm9153290
tt15565978	directors	nm0341722
tt15565978	writers	nm4516710
tt15565978	producers	nm4397746
tt15565978	producers	nm4516710
tt15565978	producers	nm2094293
tt15565978	producers	nm0744881
tt15565978	cinematographers	nm3427262
tt15565978	editors	nm1699268
tt15565978	casting_directors	nm3268392
tt15565978	production_designers	nm2053409
tt15565978	art_directors	nm3482323
tt15565978	art_directors	nm4728890
tt15565978	costume_designers	nm1936774
tt15565978	production_managers	nm1724040
tt15565978	assistant_directors	nm0191294
tt15565978	art_department	nm2406681
tt15565978	art_department	nm4095153
tt15565978	stunts	nm4757641
tt15565978	stunts	nm5487128
tt15565978	stunts	nm5909488
tt15565978	stunts	nm2317701
tt15565978	stunts	nm9374706
tt15565978	camera_department	nm2627460
tt15565978	camera_department	nm4983537
tt15565978	camera_department	nm2368683
tt15565978	camera_department	nm2623233
tt15565978	camera_department	nm4973455
tt15565978	casting_department	nm12457908
tt15565978	location_management	nm9099748
tt15565978	location_management	nm9277059
tt15565978	script_department	nm2452369
tt15565978	production_companies	co0884556
tt1556598	directors	nm0206491
tt1556598	producers	nm0206491
tt1556598	producers	nm4153364
tt1556598	producers	nm3713079
tt1556598	composers	nm0002227
tt1556598	cinematographers	nm0004090
tt1556598	editors	nm0206491
tt1556598	editorial_department	nm2130940
tt1556598	editorial_department	nm1987232
tt1556598	sound_department	nm0071481
tt1556598	sound_department	nm2438210
tt1556598	sound_department	nm0202845
tt1556598	sound_department	nm0317066
tt1556598	visual_effects	nm1673745
tt1556598	visual_effects	nm1948362
tt1556598	visual_effects	nm3225555
tt1556598	visual_effects	nm2986171
tt1556598	visual_effects	nm2881716
tt1556598	camera_department	nm1869060
tt1556598	music_department	nm0415799
tt1556598	music_department	nm3214738
tt1556598	production_companies	co0290902
tt1556600	directors	nm2570774
tt1556600	directors	nm1777487
tt1556600	writers	nm2570774
tt1556600	writers	nm1777487
tt1556600	producers	nm0248067
tt1556600	producers	nm2570774
tt1556600	producers	nm1777487
tt1556600	editors	nm0837651
tt1556600	production_companies	co0290736
tt15566020	writers	nm1421620
tt15566020	producers	nm3709982
tt15566064	writers	nm0924354
tt15566120	cast	nm1379134
tt15566120	writers	nm10565632
tt15566120	writers	nm4545861
tt15566120	writers	nm0571341
tt15566120	producers	nm10565632
tt15566120	producers	nm1301525
tt15566120	producers	nm0791803
tt15566120	production_companies	co0798164
tt15566126	cast	nm11345658
tt15566126	cast	nm4973873
tt15566126	cast	nm1198628
tt15566126	cast	nm0474871
tt15566126	cast	nm0019382
tt15566126	directors	nm12995202
tt15566126	producers	nm13004749
tt15566126	composers	nm0788886
tt15566126	cinematographers	nm4207982
tt15566126	editors	nm9492020
tt15566126	stunts	nm9761080
tt15566126	production_companies	co0884560
tt1556613	cast	nm1579389
tt1556613	cast	nm3706323
tt1556613	cast	nm3706615
tt1556613	directors	nm0667762
tt1556613	writers	nm0667762
tt1556613	writers	nm1579389
tt1556613	producers	nm0667762
tt1556613	producers	nm1579389
tt1556613	composers	nm0429959
tt1556613	cinematographers	nm3715608
tt1556613	editors	nm3715608
tt1556613	editors	nm0667762
tt1556613	production_companies	co0291500
tt15566160	cast	nm9404414
tt15566160	cast	nm8822221
tt15566160	cast	nm9671069
tt15566160	cast	nm4510281
tt15566160	cast	nm13004797
tt15566160	directors	nm12370309
tt15566160	writers	nm12370309
tt15566160	producers	nm12370309
tt15566160	producers	nm13004796
tt15566160	composers	nm5555296
tt15566160	cinematographers	nm12370309
tt15566160	editors	nm11534171
tt15566160	script_department	nm13010979
tt15566160	script_department	nm7356642
tt15566160	production_companies	co0851095
tt15566176	cast	nm2118547
tt15566176	cast	nm3535138
tt15566176	cast	nm11396841
tt15566176	cast	nm4256192
tt15566176	cast	nm11396856
tt15566176	directors	nm8923255
tt15566176	producers	nm10060151
tt15566176	producers	nm11235105
tt15566176	production_companies	co0884561
tt15566306	cast	nm13004946
tt15566306	cast	nm13004947
tt15566306	cast	nm13004961
tt15566306	cast	nm13004964
tt15566306	cast	nm13004958
tt15566306	directors	nm6905457
tt15566306	writers	nm13004966
tt15566306	writers	nm6905457
tt15566306	producers	nm13004966
tt15566306	producers	nm13004967
tt15566306	cinematographers	nm13004968
tt15566306	cinematographers	nm4229187
tt15566306	cinematographers	nm6065167
tt15566306	cinematographers	nm6905457
tt15566306	cinematographers	nm13004969
tt15566306	editors	nm6905457
tt15566306	production_companies	co0884564
tt1556634	cast	nm3714137
tt1556634	cast	nm2357765
tt1556634	cast	nm3706375
tt1556634	cast	nm3364237
tt1556634	cast	nm3715255
tt1556634	directors	nm3141481
tt1556634	writers	nm3141481
tt1556634	writers	nm3498441
tt1556634	producers	nm3141481
tt1556634	cinematographers	nm3141481
tt1556634	editors	nm3141481
tt1556634	art_directors	nm3592885
tt1556634	production_managers	nm1584668
tt1556634	production_managers	nm3408971
tt1556634	assistant_directors	nm3713715
tt1556634	art_department	nm3709362
tt1556634	sound_department	nm3764287
tt1556634	sound_department	nm3811014
tt1556634	music_department	nm3725863
tt15566366	directors	nm0001112
tt15566366	writers	nm0001112
tt15566366	producers	nm0001112
tt1556637	cast	nm3706104
tt1556637	cast	nm3736212
tt1556637	cast	nm3737039
tt1556637	cast	nm2741902
tt1556637	directors	nm3707201
tt1556637	writers	nm3706556
tt1556637	writers	nm3707201
tt1556637	producers	nm3706556
tt1556637	producers	nm3707201
tt1556637	composers	nm3707111
tt1556637	cinematographers	nm2940685
tt1556637	editors	nm3707232
tt1556637	camera_department	nm2940685
tt1556637	camera_department	nm2940373
tt1556639	cast	nm3718060
tt1556639	cast	nm3716549
tt1556639	cast	nm3706568
tt1556639	cast	nm3706426
tt1556639	cast	nm3706355
tt1556639	directors	nm3716687
tt1556639	writers	nm3716687
tt1556639	producers	nm3716687
tt1556639	cinematographers	nm3716687
tt1556639	editors	nm3716687
tt1556639	production_companies	co0291081
tt1556639	distributors	co0291081
tt1556644	directors	nm1097821
tt1556644	writers	nm1097821
tt1556644	producers	nm1097821
tt1556644	cinematographers	nm3381839
tt1556644	editors	nm0944910
tt1556644	sound_department	nm2258492
tt1556644	sound_department	nm3718321
tt15566506	directors	nm0001112
tt15566506	producers	nm0001112
tt15566506	production_companies	co0044165
tt1556650	cast	nm0956956
tt1556650	directors	nm1163929
tt1556650	producers	nm0053184
tt1556650	producers	nm0643647
tt1556650	composers	nm2153395
tt1556650	cinematographers	nm1000724
tt1556650	cinematographers	nm0648853
tt1556650	editors	nm2125032
tt1556650	costume_designers	nm0053489
tt1556650	sound_department	nm5468243
tt1556650	sound_department	nm2289229
tt1556650	camera_department	nm4928368
tt1556650	camera_department	nm1229378
tt1556650	camera_department	nm5468417
tt1556650	camera_department	nm0557092
tt1556650	camera_department	nm1207396
tt1556650	production_companies	co0089379
tt1556650	distributors	co0003461
tt1556654	cast	nm1204916
tt1556654	cast	nm3718349
tt1556654	cast	nm3718499
tt1556654	cast	nm0287156
tt1556654	cast	nm1765800
tt1556654	directors	nm3716411
tt1556654	writers	nm0603086
tt1556654	writers	nm3716411
tt1556654	producers	nm2622148
tt1556654	producers	nm4143587
tt1556654	producers	nm3716411
tt1556654	producers	nm3717520
tt1556654	cinematographers	nm1067887
tt1556654	editors	nm1862180
tt1556654	art_directors	nm3468978
tt1556654	costume_designers	nm3718026
tt1556654	make_up_department	nm1248127
tt1556654	production_managers	nm2622148
tt1556654	sound_department	nm2789276
tt1556654	sound_department	nm2838864
tt1556654	sound_department	nm2532367
tt1556654	camera_department	nm1245550
tt1556654	production_companies	co0269322
tt1556656	cast	nm2710083
tt1556656	cast	nm1714847
tt1556656	cast	nm2529044
tt1556656	cast	nm3718847
tt1556656	cast	nm2658178
tt1556656	directors	nm2518939
tt1556656	writers	nm2518939
tt1556656	writers	nm2515944
tt1556656	producers	nm1298308
tt1556656	producers	nm2530323
tt1556656	cinematographers	nm1705891
tt1556656	cinematographers	nm2707219
tt1556656	editors	nm0469925
tt1556656	editorial_department	nm4437257
tt1556656	production_managers	nm1738848
tt1556656	sound_department	nm2317869
tt1556656	sound_department	nm6542985
tt1556656	visual_effects	nm2990369
tt1556656	production_companies	co0223220
tt1556656	production_companies	co0195715
tt1556669	cast	nm0144596
tt1556669	cast	nm3671309
tt1556669	cast	nm1572926
tt1556669	directors	nm3251909
tt1556669	writers	nm3251909
tt1556669	producers	nm3251909
tt1556669	composers	nm3253124
tt1556669	cinematographers	nm3251909
tt1556669	editors	nm3251909
tt1556669	production_companies	co0002086
tt1556669	distributors	co0002086
tt1556671	cast	nm3706490
tt1556671	cast	nm3716719
tt1556671	directors	nm2532908
tt1556671	writers	nm2538014
tt1556671	writers	nm2538014
tt1556671	writers	nm2532908
tt1556671	producers	nm2538014
tt1556671	composers	nm2592706
tt1556671	cinematographers	nm2601334
tt1556671	editors	nm2532908
tt1556671	visual_effects	nm2573250
tt1556671	production_companies	co0239057
tt1556671	distributors	co0239057
tt15566782	cast	nm13005210
tt15566782	cast	nm9981854
tt15566782	cast	nm13005211
tt15566782	cast	nm12514156
tt15566782	cast	nm13005213
tt15566782	directors	nm9833180
tt15566782	writers	nm9833180
tt15566782	producers	nm9833180
tt15566782	cinematographers	nm9833180
tt15566782	editors	nm9833180
tt15566782	production_companies	co0830442
tt15566782	distributors	co0830442
tt15566792	cast	nm2754647
tt15566792	cast	nm3369551
tt15566792	cast	nm5702464
tt15566792	directors	nm2691911
tt15566792	writers	nm2691911
tt15566792	writers	nm8877428
tt15566792	producers	nm2691911
tt15566792	producers	nm8877428
tt15566792	production_companies	co0635113
tt15566798	directors	nm0659670
tt15566798	producers	nm9909853
tt15566798	producers	nm0563510
tt15566798	cinematographers	nm0069873
tt15566798	editors	nm0543585
tt15566798	editorial_department	nm12349451
tt15566798	assistant_directors	nm9909853
tt15566798	production_companies	co0820380
tt15566798	distributors	co0258969
tt15566830	cast	nm11517303
tt15566830	cast	nm10168375
tt15566830	cast	nm12001593
tt15566830	cast	nm12739380
tt15566830	cast	nm11931581
tt15566830	directors	nm11851720
tt15566830	writers	nm11851720
tt15566830	producers	nm11851720
tt15566830	composers	nm13005256
tt15566830	composers	nm12001593
tt15566830	cinematographers	nm13005259
tt15566830	cinematographers	nm12350201
tt15566830	editors	nm10168375
tt15566830	special_effects	nm10168375
tt15566830	costume_departmen	nm12702703
tt15566830	music_department	nm13005256
tt15566830	music_department	nm12001593
tt15566830	production_companies	co0822424
tt15566846	writers	nm3809998
tt15566846	writers	nm4845281
tt15566846	producers	nm3809998
tt15566846	producers	nm2670366
tt15566846	producers	nm0739868
tt15566846	production_companies	co0047476
tt15566846	production_companies	co0265246
tt1556684	directors	nm3220337
tt1556684	producers	nm0022412
tt1556684	producers	nm3220337
tt1556684	producers	nm3708192
tt1556684	producers	nm2692509
tt1556684	producers	nm2136983
tt1556684	composers	nm0129992
tt1556684	cinematographers	nm0022412
tt1556684	cinematographers	nm2268713
tt1556684	editors	nm1548684
tt1556684	editors	nm2475956
tt1556684	camera_department	nm3220337
tt1556684	camera_department	nm3224885
tt1556684	production_companies	co0280086
tt1556684	production_companies	co0098072
tt1556684	production_companies	co0260956
tt1556684	production_companies	co0181993
tt1556684	distributors	co0098072
tt15566896	cast	nm0156345
tt15566896	cast	nm2722403
tt15566896	cast	nm5055646
tt15566896	cast	nm1823053
tt15566896	cast	nm4199026
tt15566896	directors	nm1580045
tt15566896	writers	nm1823053
tt15566896	writers	nm2803202
tt15566896	writers	nm5055646
tt15566896	producers	nm7071949
tt15566896	producers	nm1823053
tt15566896	producers	nm2803202
tt15566896	producers	nm5055646
tt15566896	cinematographers	nm4002774
tt15566896	editors	nm9050361
tt15566896	editors	nm2700264
tt15566896	production_companies	co0683130
tt1556690	directors	nm0408101
tt1556690	writers	nm0408101
tt1556690	writers	nm2159857
tt1556690	producers	nm2482014
tt1556690	producers	nm0408101
tt1556690	producers	nm0821620
tt1556690	composers	nm0117522
tt1556690	composers	nm4351304
tt1556690	cinematographers	nm0408101
tt1556690	editors	nm1473587
tt1556690	editors	nm4458049
tt1556690	sound_department	nm0117522
tt1556690	sound_department	nm1308710
tt1556690	music_department	nm0045491
tt1556690	music_department	nm4161406
tt1556690	music_department	nm4351304
tt1556690	music_department	nm2392580
tt1556690	music_department	nm4351251
tt1556690	production_companies	co0290967
tt1556690	distributors	co0301021
tt1556690	distributors	co0432313
tt1556690	distributors	co0432312
tt1556690	distributors	co0236896
tt1556690	distributors	co0804787
tt1556693	cast	nm3275068
tt1556693	cast	nm3710971
tt1556693	cast	nm3710129
tt1556693	cast	nm0135407
tt1556693	cast	nm3709853
tt1556693	directors	nm3709859
tt1556693	directors	nm3358558
tt1556693	writers	nm1520904
tt1556693	writers	nm1520904
tt1556693	writers	nm3709859
tt1556693	producers	nm3358558
tt1556693	producers	nm0690685
tt1556693	composers	nm3710074
tt1556693	cinematographers	nm0268648
tt1556693	editors	nm0621096
tt1556693	production_designers	nm0135600
tt1556693	costume_designers	nm1380092
tt1556693	make_up_department	nm0078183
tt1556693	make_up_department	nm0309753
tt1556693	make_up_department	nm1681176
tt1556693	production_managers	nm6252174
tt1556693	production_managers	nm4941794
tt1556693	assistant_directors	nm1311253
tt1556693	sound_department	nm2407406
tt1556693	camera_department	nm1211745
tt1556693	costume_departmen	nm1978094
tt1556693	production_companies	co0291199
tt15567002	cast	nm0000751
tt15567002	cast	nm0328762
tt15567002	cast	nm13005391
tt15567002	directors	nm5141283
tt15567002	producers	nm0000751
tt15567002	producers	nm9760793
tt15567002	producers	nm13005391
tt15567002	producers	nm5986857
tt15567002	producers	nm13005392
tt15567002	cinematographers	nm5141283
tt15567002	editors	nm7059777
tt15567002	editors	nm5141283
tt1556704	cast	nm0666398
tt1556704	cast	nm0605363
tt1556704	cast	nm0109785
tt1556704	cast	nm6135945
tt1556704	cast	nm0674101
tt1556704	directors	nm3700751
tt1556704	writers	nm3700751
tt1556704	writers	nm3700751
tt1556704	producers	nm6478007
tt1556704	producers	nm3988798
tt1556704	producers	nm3700751
tt1556704	producers	nm6023254
tt1556704	producers	nm1010198
tt1556704	assistant_directors	nm3253295
tt1556704	assistant_directors	nm2350891
tt1556704	costume_departmen	nm3988798
tt1556704	production_companies	co0111347
tt1556704	production_companies	co0289607
tt1556704	distributors	co0067160
tt15567066	cast	nm8547124
tt15567066	cast	nm13005448
tt15567066	cast	nm13005446
tt15567066	cast	nm9914633
tt15567066	cast	nm13005447
tt15567066	directors	nm9914604
tt15567066	writers	nm13005449
tt15567066	producers	nm8547124
tt15567066	producers	nm9914604
tt15567066	cinematographers	nm13005310
tt15567066	assistant_directors	nm9914614
tt1556708	cast	nm1816903
tt1556708	cast	nm2613175
tt1556708	cast	nm2614106
tt1556708	cast	nm0786929
tt1556708	cast	nm1488529
tt1556708	directors	nm0760754
tt1556708	writers	nm0760754
tt1556708	producers	nm3392031
tt1556708	composers	nm1761699
tt1556708	cinematographers	nm2377719
tt1556708	editors	nm2379559
tt1556708	art_directors	nm2498260
tt1556708	make_up_department	nm2498260
tt1556708	assistant_directors	nm7045165
tt1556708	sound_department	nm4219262
tt1556708	sound_department	nm3250830
tt1556708	camera_department	nm4964450
tt1556708	production_companies	co0209851
tt1556708	distributors	co0669317
tt15567172	directors	nm2087066
tt15567172	writers	nm3609083
tt15567172	writers	nm2087066
tt15567172	writers	nm13005552
tt15567172	producers	nm2087066
tt15567172	cinematographers	nm2746485
tt15567172	editors	nm13005553
tt15567172	production_companies	co0881836
tt15567198	cast	nm13005589
tt15567198	cast	nm2935851
tt15567198	cast	nm13005590
tt15567198	cast	nm13005591
tt15567198	cast	nm4050530
tt15567198	directors	nm2935851
tt15567198	writers	nm2935851
tt15567198	producers	nm2935851
tt15567198	producers	nm6598583
tt15567198	cinematographers	nm3968980
tt15567198	editors	nm2935851
tt15567198	editorial_department	nm5558779
tt15567198	editorial_department	nm5540192
tt15567198	editorial_department	nm0285032
tt15567198	editorial_department	nm4567003
tt15567198	editorial_department	nm13005594
tt15567198	production_managers	nm1820155
tt15567198	sound_department	nm1955620
tt15567198	sound_department	nm2035119
tt15567198	sound_department	nm10433109
tt15567198	sound_department	nm2935851
tt15567198	sound_department	nm1572924
tt15567198	visual_effects	nm2861667
tt15567198	camera_department	nm3302249
tt15567198	music_department	nm3044228
tt15567198	production_companies	co0888084
tt15567278	cast	nm0012288
tt15567278	cast	nm4140319
tt15567278	cast	nm8429242
tt15567278	cast	nm2689442
tt15567278	cast	nm1272841
tt15567278	directors	nm13005652
tt15567278	writers	nm13005652
tt15567278	composers	nm5702382
tt15567278	cinematographers	nm5502488
tt15567278	editors	nm5502488
tt15567278	editors	nm13106480
tt15567278	production_companies	co0284047
tt15567310	cast	nm7796040
tt15567310	cast	nm9939361
tt15567310	directors	nm7796040
tt15567310	writers	nm7796040
tt15567310	producers	nm7796040
tt15567310	composers	nm7796040
tt15567310	cinematographers	nm7796040
tt15567310	editors	nm7796040
tt15567346	cast	nm10196139
tt15567346	cast	nm7704491
tt15567346	cast	nm0177456
tt15567346	cast	nm4267678
tt15567346	cast	nm6119643
tt15567346	directors	nm10196139
tt15567346	directors	nm3409919
tt15567346	writers	nm0177456
tt15567346	writers	nm10196139
tt15567346	writers	nm3409919
tt15567346	producers	nm0177456
tt15567346	producers	nm10196139
tt15567346	producers	nm3409919
tt15567346	cinematographers	nm3409919
tt15567346	editors	nm10196139
tt15567346	editors	nm3409919
tt15567346	editorial_department	nm2427713
tt15567346	assistant_directors	nm3955062
tt15567346	sound_department	nm3994310
tt15567346	visual_effects	nm13005697
tt15567346	camera_department	nm6268360
tt15567346	camera_department	nm13005695
tt15567346	camera_department	nm13005696
tt15567346	camera_department	nm3409919
tt15567346	production_companies	co0884736
tt15567346	production_companies	co0633780
tt15567430	directors	nm3986898
tt15567430	directors	nm2391280
tt15567430	writers	nm3986898
tt15567430	writers	nm2391280
tt15567430	producers	nm3986898
tt15567430	producers	nm2391280
tt15567452	writers	nm3986898
tt15567452	writers	nm2391280
tt15567452	producers	nm2391280
tt15567498	writers	nm8012808
tt15567498	writers	nm6659710
tt15567498	producers	nm6659710
tt15567498	producers	nm8012808
tt15567504	writers	nm8012808
tt15567504	writers	nm6659710
tt15567504	producers	nm6659710
tt15567504	producers	nm8012808
tt15567518	directors	nm2715116
tt15567518	writers	nm12997600
tt15567518	producers	nm2715116
tt15567692	directors	nm11412901
tt15567692	writers	nm11412901
tt15567692	producers	nm11412901
tt15567704	cast	nm0004418
tt15567704	directors	nm0720763
tt15567704	writers	nm1856840
tt15567704	producers	nm10300678
tt15567704	producers	nm12154599
tt15567704	producers	nm7989479
tt15567704	producers	nm1743615
tt15567704	costume_designers	nm6172052
tt15567704	production_companies	co0890976
tt15567704	production_companies	co0859404
tt15567736	cast	nm1853497
tt15567736	producers	nm4395808
tt15567736	production_companies	co0334731
tt15567736	distributors	co0121223
tt15567790	cast	nm13006160
tt15567790	cast	nm13006158
tt15567790	cast	nm2576815
tt15567790	cast	nm0298261
tt15567790	cast	nm1554090
tt15567790	directors	nm2495679
tt15567790	writers	nm2495679
tt15567790	producers	nm2495679
tt15567790	cinematographers	nm2495679
tt15567790	editors	nm0331510
tt15567790	editors	nm3289613
tt15567790	production_companies	co0112097
tt15567790	production_companies	co0067321
tt15567790	distributors	co0530609
tt15567806	cast	nm6204618
tt15567806	cast	nm6204616
tt15567806	cast	nm12968081
tt15567806	directors	nm13006174
tt15567806	producers	nm13006175
tt15567806	distributors	co0536582
tt15567818	writers	nm11935450
tt15567818	writers	nm13006179
tt15567836	directors	nm4193818
tt15567836	writers	nm4193818
tt15567836	producers	nm2875023
tt15567836	producers	nm3324426
tt15567836	composers	nm4937437
tt15567836	cinematographers	nm6476905
tt15567836	production_companies	co0882464
tt15567864	cast	nm13006255
tt15567864	cast	nm13006256
tt15567864	cast	nm13006257
tt15567864	cast	nm13006258
tt15567864	cast	nm13006259
tt15567864	directors	nm13006254
tt15567864	writers	nm13006254
tt15567864	producers	nm13006264
tt15567864	producers	nm13006254
tt15567864	producers	nm13006263
tt15567864	composers	nm13006265
tt15567864	cinematographers	nm8969785
tt15567864	editors	nm13006266
tt15567864	production_companies	co0884630
tt15567864	distributors	co0810100
tt15567964	cast	nm4925980
tt15567964	cast	nm5374994
tt15567964	cast	nm9101730
tt15567964	cast	nm11990235
tt15567964	cast	nm10244736
tt15567964	directors	nm13006436
tt15567964	producers	nm13006437
tt15567964	composers	nm13006438
tt15567964	cinematographers	nm11420945
tt15567964	production_companies	co0884637
tt15567974	cast	nm8306579
tt15567974	cast	nm11140309
tt15567974	cast	nm10308384
tt15567974	cast	nm13006443
tt15567974	directors	nm13006442
tt15567974	writers	nm13006442
tt15567974	producers	nm13002279
tt15567974	composers	nm2065631
tt15567974	production_companies	co0884638
tt15568016	cast	nm2012363
tt15568016	directors	nm10711686
tt15568016	writers	nm2012363
tt15568016	producers	nm2012363
tt15568016	cinematographers	nm3428103
tt15568032	cast	nm8905300
tt15568032	cast	nm1428724
tt15568032	cast	nm8852619
tt15568032	cast	nm3634501
tt15568032	cast	nm8282140
tt15568032	directors	nm5143725
tt15568032	writers	nm5143725
tt15568032	producers	nm13006485
tt15568032	producers	nm11303994
tt15568032	composers	nm9332259
tt15568032	cinematographers	nm7973740
tt15568032	editors	nm7628150
tt15568032	production_companies	co0884557
tt15568078	cast	nm2678777
tt15568078	cast	nm0225164
tt15568078	cast	nm1070120
tt15568078	directors	nm0225164
tt15568080	cast	nm1722855
tt15568080	cast	nm3263176
tt15568080	cast	nm12816355
tt15568080	cast	nm8569502
tt15568080	cast	nm3731432
tt15568080	directors	nm3263176
tt15568080	writers	nm3263176
tt15568080	producers	nm3263176
tt15568080	composers	nm1722855
tt15568080	cinematographers	nm1164685
tt15568080	editors	nm3263176
tt15568080	production_companies	co0387428
tt15568080	distributors	co0011107
tt15568106	cast	nm12245548
tt15568106	cast	nm13006538
tt15568106	directors	nm13006537
tt15568106	production_companies	co0884646
tt15568130	cast	nm11976356
tt15568130	cast	nm8884459
tt15568130	cast	nm5479132
tt15568130	cast	nm10904044
tt15568130	directors	nm10904044
tt15568130	producers	nm13006567
tt15568130	producers	nm13006568
tt15568130	composers	nm13006569
tt15568130	cinematographers	nm13006570
tt15568130	production_companies	co0884647
tt15568154	cast	nm10945578
tt15568154	cast	nm5926430
tt15568154	cast	nm8884459
tt15568154	cast	nm10945621
tt15568154	directors	nm10965725
tt15568154	writers	nm9367183
tt15568154	writers	nm13006588
tt15568154	producers	nm8884459
tt15568154	composers	nm11862147
tt15568154	cinematographers	nm10569074
tt15568154	editors	nm2223627
tt15568154	production_companies	co0882356
tt15568160	cast	nm8884459
tt15568160	cast	nm8262337
tt15568160	cast	nm13006589
tt15568160	directors	nm12912125
tt15568160	producers	nm13006590
tt15568160	production_companies	co0884649
tt15568166	directors	nm6984432
tt15568166	writers	nm6984432
tt15568166	producers	nm4001744
tt15568166	producers	nm10560819
tt15568166	producers	nm3954977
tt15568166	composers	nm9293196
tt15568166	editors	nm10900118
tt15568166	sound_department	nm1919974
tt15568166	production_companies	co0368397
tt15568166	distributors	co0073684
tt15568168	cast	nm0000547
tt15568168	directors	nm3645865
tt15568168	writers	nm2050851
tt15568168	producers	nm3176335
tt15568168	production_companies	co0361382
tt15568168	distributors	co0361382
tt15568170	cast	nm2686038
tt15568170	cast	nm7249955
tt15568170	cast	nm5018538
tt15568170	cast	nm4256192
tt15568170	cast	nm13006592
tt15568170	directors	nm10734389
tt15568170	writers	nm6576882
tt15568170	producers	nm12024212
tt15568170	producers	nm10723420
tt15568170	producers	nm5519788
tt15568170	producers	nm11196983
tt15568170	producers	nm7475894
tt15568170	cinematographers	nm9993594
tt15568170	editors	nm11086578
tt15568170	production_designers	nm9186416
tt15568170	costume_designers	nm10708792
tt15568170	production_managers	nm11920492
tt15568170	assistant_directors	nm9894742
tt15568170	assistant_directors	nm13021605
tt15568170	assistant_directors	nm12926065
tt15568170	art_department	nm11956225
tt15568170	script_department	nm12886774
tt15568170	production_companies	co0667642
tt15568170	production_companies	co0474979
tt15568180	cast	nm5926430
tt15568180	cast	nm8884459
tt15568180	cast	nm10308304
tt15568180	cast	nm9012433
tt15568180	directors	nm10965725
tt15568180	writers	nm9367183
tt15568180	writers	nm8884459
tt15568180	producers	nm8884459
tt15568180	production_companies	co0882356
tt15568190	directors	nm4668126
tt15568190	distributors	co0568665
tt15568204	cast	nm0828288
tt15568204	cast	nm2709554
tt15568204	cast	nm0198737
tt15568204	cast	nm7742459
tt15568204	cast	nm5314541
tt15568204	directors	nm2526151
tt15568204	writers	nm2526151
tt15568204	producers	nm5314541
tt15568204	producers	nm0379108
tt15568204	producers	nm11630764
tt15568204	producers	nm2526151
tt15568204	producers	nm11588698
tt15568204	production_companies	co0833958
tt15568218	cast	nm0154146
tt15568218	cast	nm10109083
tt15568218	cast	nm10109086
tt15568218	cast	nm12917681
tt15568218	directors	nm1425585
tt15568218	directors	nm5181252
tt15568218	producers	nm1425585
tt15568218	composers	nm5619781
tt15568218	production_companies	co0473189
tt15568228	cast	nm1203673
tt15568228	cast	nm0732703
tt15568228	cast	nm0256173
tt15568228	cast	nm9321321
tt15568228	cast	nm9391490
tt15568228	directors	nm3593228
tt15568228	writers	nm1150938
tt15568228	producers	nm11161007
tt15568228	producers	nm3276202
tt15568228	producers	nm9322232
tt15568228	cinematographers	nm3810620
tt15568228	editors	nm2113026
tt15568228	production_designers	nm4078187
tt15568228	costume_designers	nm6908459
tt15568228	production_managers	nm10406479
tt15568228	assistant_directors	nm2049006
tt15568228	art_department	nm9793671
tt15568228	sound_department	nm4298104
tt15568228	camera_department	nm10196052
tt15568228	camera_department	nm10975076
tt15568228	production_companies	co0824703
tt15568228	distributors	co0803290
tt15568232	cast	nm5089122
tt15568232	cast	nm3357605
tt15568232	cast	nm10784606
tt15568232	directors	nm11778211
tt15568232	writers	nm11778211
tt15568232	producers	nm5063150
tt15568232	cinematographers	nm9610757
tt15568240	directors	nm1806506
tt15568240	writers	nm1806506
tt15568240	producers	nm2008046
tt15568240	cinematographers	nm1115213
tt15568240	production_companies	co0403122
tt15568248	cast	nm10954569
tt15568248	cast	nm11691901
tt15568248	producers	nm13006827
tt15568248	production_companies	co0884665
tt15568310	cast	nm4106803
tt15568310	cast	nm4325338
tt15568310	cast	nm1890257
tt15568310	directors	nm3589038
tt15568310	writers	nm3589038
tt15568310	producers	nm3589038
tt15568310	producers	nm7920849
tt15568310	cinematographers	nm3589038
tt15568310	editors	nm3589038
tt15568310	sound_department	nm3046899
tt15568310	special_effects	nm0426645
tt15568464	cast	nm0868881
tt15568464	directors	nm4618673
tt15568464	writers	nm8279625
tt15568464	writers	nm4618673
tt15568464	producers	nm4751118
tt15568464	producers	nm4750970
tt15568464	composers	nm0023940
tt15568464	editorial_department	nm1010630
tt15568464	production_managers	nm8152865
tt15568464	visual_effects	nm2754055
tt15568464	visual_effects	nm2212130
tt15568464	camera_department	nm4459638
tt15568464	camera_department	nm3562360
tt15568464	music_department	nm8524801
tt15568464	production_companies	co0218840
tt15568464	distributors	co0780082
tt15568516	cast	nm4232416
tt15568516	cast	nm3367906
tt15568516	directors	nm1913625
tt15568516	writers	nm9263470
tt15568516	producers	nm12475975
tt15568516	production_companies	co0662593
tt15568526	cast	nm0895759
tt15568526	cast	nm6875297
tt15568526	cast	nm4782158
tt15568526	cast	nm11034565
tt15568526	cast	nm1614814
tt15568526	directors	nm2761475
tt15568526	producers	nm2603307
tt15568526	producers	nm1206845
tt15568526	producers	nm0717873
tt15568526	cinematographers	nm0378110
tt15568526	editors	nm1055166
tt15568526	editorial_department	nm8644824
tt15568526	casting_directors	nm3871794
tt15568526	production_designers	nm0870837
tt15568526	costume_designers	nm1937981
tt15568526	production_managers	nm2679378
tt15568526	production_managers	nm0721145
tt15568526	assistant_directors	nm5368278
tt15568526	assistant_directors	nm2071460
tt15568526	art_department	nm7629976
tt15568526	art_department	nm4732703
tt15568526	art_department	nm12104345
tt15568526	art_department	nm2144271
tt15568526	art_department	nm1684225
tt15568526	sound_department	nm1353589
tt15568526	camera_department	nm1374728
tt15568526	camera_department	nm0158948
tt15568526	camera_department	nm10390852
tt15568526	camera_department	nm6848105
tt15568526	camera_department	nm8918235
tt15568526	casting_department	nm9320623
tt15568526	costume_departmen	nm10588348
tt15568526	production_companies	co0090290
tt15568526	production_companies	co0328841
tt15568526	production_companies	co0029831
tt15568526	production_companies	co0627173
tt15568546	writers	nm6293294
tt15568546	producers	nm5444787
tt15568546	producers	nm1583196
tt15568546	production_companies	co0593025
tt15568546	production_companies	co0479468
tt15568556	cast	nm13007034
tt15568556	cast	nm13007035
tt15568556	cast	nm13007033
tt15568556	directors	nm13007032
tt15568556	producers	nm13007032
tt15568556	producers	nm13007036
tt15568556	production_companies	co0489696
tt15568562	cast	nm11159129
tt15568562	cast	nm4702293
tt15568562	cast	nm13007037
tt15568562	cast	nm3614246
tt15568562	cast	nm1767971
tt15568562	directors	nm2704950
tt15568562	production_companies	co0016846
tt15568576	cast	nm3533508
tt15568576	cast	nm4201639
tt15568576	cast	nm0746923
tt15568576	directors	nm2371539
tt15568576	writers	nm2371539
tt15568576	writers	nm3491132
tt15568576	writers	nm10457571
tt15568576	composers	nm12058750
tt15568576	cinematographers	nm4777170
tt15568576	editorial_department	nm7426561
tt15568576	editorial_department	nm5199911
tt15568576	production_companies	co0107097
tt15568612	cast	nm3359025
tt15568612	cast	nm0154146
tt15568612	cast	nm9818808
tt15568612	directors	nm8925844
tt15568612	producers	nm6793947
tt15568612	producers	nm10330576
tt15568612	cinematographers	nm9610757
tt15568612	production_companies	co0638603
tt15568642	cast	nm13007073
tt15568642	cast	nm13007072
tt15568642	cast	nm13007074
tt15568642	directors	nm13007071
tt15568642	producers	nm13007074
tt15568642	distributors	co0489696
tt15568652	cast	nm1372788
tt15568652	directors	nm1804614
tt15568652	writers	nm0418621
tt15568664	cast	nm0576169
tt15568664	cast	nm0766470
tt15568664	cast	nm1394426
tt15568664	cast	nm1419300
tt15568664	cast	nm1682953
tt15568664	directors	nm13007115
tt15568664	producers	nm11162503
tt15568664	composers	nm4237148
tt15568664	cinematographers	nm9340662
tt15568664	production_companies	co0166782
tt15568678	cast	nm1394426
tt15568678	cast	nm1302330
tt15568678	cast	nm1957308
tt15568678	cast	nm5411911
tt15568678	directors	nm13007152
tt15568678	producers	nm13007153
tt15568678	producers	nm13007154
tt15568678	composers	nm9525373
tt15568678	cinematographers	nm4593186
tt15568678	production_companies	co0306173
tt15568682	cast	nm13007156
tt15568682	cast	nm12314134
tt15568682	cast	nm13007157
tt15568682	directors	nm13007155
tt15568682	producers	nm13007159
tt15568682	producers	nm13007158
tt15568682	distributors	co0489696
tt15568696	cast	nm13007242
tt15568696	cast	nm13007240
tt15568696	cast	nm13007241
tt15568696	directors	nm12893268
tt15568696	producers	nm13007243
tt15568696	distributors	co0489696
tt15568706	cast	nm13007245
tt15568706	directors	nm10948943
tt15568706	writers	nm13007246
tt15568706	cinematographers	nm13007247
tt15568706	production_companies	co0884671
tt15568734	cast	nm1312166
tt15568734	cast	nm0612117
tt15568734	cast	nm10277710
tt15568734	cast	nm1333498
tt15568734	cast	nm2383991
tt15568734	directors	nm13007270
tt15568742	cast	nm2284321
tt15568742	cast	nm6489058
tt15568742	cast	nm2011414
tt15568742	cast	nm0369696
tt15568742	directors	nm13007280
tt15568742	writers	nm13007280
tt15568742	producers	nm13007281
tt15568760	cast	nm5654463
tt15568760	cast	nm5058490
tt15568760	cast	nm7936195
tt15568760	cast	nm13007302
tt15568760	directors	nm13007301
tt15568760	writers	nm13007301
tt15568760	composers	nm2065631
tt15568760	cinematographers	nm5977583
tt15568760	production_companies	co0246047
tt15568828	cast	nm1440764
tt15568828	cast	nm0272334
tt15568828	cast	nm1440298
tt15568828	cast	nm1443238
tt15568828	directors	nm1006692
tt15568828	producers	nm5009490
tt15568828	cinematographers	nm0640318
tt15568828	editors	nm1006692
tt15568828	production_companies	co0196144
tt15568828	distributors	co0832987
tt15568836	cast	nm13007399
tt15568836	cast	nm13007398
tt15568836	cast	nm13007397
tt15568836	directors	nm13007396
tt15568836	producers	nm13007396
tt15568836	distributors	co0489696
tt15568846	cast	nm2088669
tt15568846	directors	nm10192393
tt15568846	writers	nm10192393
tt15568846	producers	nm6237267
tt15568846	producers	nm10192393
tt15568846	producers	nm2088669
tt15568846	casting_directors	nm10192393
tt15568846	casting_directors	nm2088669
tt15568846	production_companies	co0573513
tt15568858	cast	nm13007459
tt15568858	cast	nm3753553
tt15568858	cast	nm10752684
tt15568858	directors	nm13007458
tt15568858	producers	nm13007460
tt15568858	distributors	co0489696
tt15568876	cast	nm2088669
tt15568876	directors	nm10192393
tt15568876	directors	nm2088669
tt15568876	writers	nm10192393
tt15568876	producers	nm6237267
tt15568876	producers	nm10192393
tt15568876	producers	nm2088669
tt15568876	casting_directors	nm10192393
tt15568876	casting_directors	nm2088669
tt15568876	production_companies	co0573513
tt15568884	cast	nm13007503
tt15568884	cast	nm13007504
tt15568884	cast	nm13007505
tt15568884	cast	nm13007506
tt15568884	directors	nm13007502
tt15568884	producers	nm4995928
tt15568884	producers	nm4997253
tt15568884	cinematographers	nm4995928
tt15568884	distributors	co0489696
tt15568928	cast	nm0299210
tt15568928	cast	nm9576872
tt15568928	cast	nm10018659
tt15568928	cast	nm11066561
tt15568928	cast	nm10631138
tt15568928	directors	nm2204102
tt15568928	writers	nm5537917
tt15568928	writers	nm5237538
tt15568928	producers	nm1065486
tt15568928	producers	nm12864209
tt15568928	producers	nm4069451
tt15568928	producers	nm2899952
tt15568928	composers	nm2202162
tt15568928	cinematographers	nm10429243
tt15568928	cinematographers	nm2628864
tt15568928	visual_effects	nm9941444
tt15568928	visual_effects	nm9062287
tt15568928	visual_effects	nm10225689
tt15568928	visual_effects	nm12652581
tt15568928	visual_effects	nm1717209
tt15568928	production_companies	co0111983
tt15568928	production_companies	co0229541
tt15568928	production_companies	co0169715
tt15568928	production_companies	co0330267
tt15568928	production_companies	co0283630
tt15568928	distributors	co0002219
tt15568952	cast	nm1338326
tt15568952	production_companies	co0158408
tt15568952	distributors	co0063845
tt15568968	cast	nm13007600
tt15568968	cast	nm13007599
tt15568968	cast	nm6286859
tt15568968	cast	nm4505117
tt15568968	cast	nm6286339
tt15568968	directors	nm9645242
tt15568968	directors	nm9645246
tt15568968	directors	nm9645248
tt15568968	writers	nm9645242
tt15568968	writers	nm9645246
tt15568968	writers	nm9645248
tt15568968	producers	nm3350698
tt15568968	producers	nm2537378
tt15568968	composers	nm2878510
tt15568968	cinematographers	nm8765973
tt15568968	editors	nm9645242
tt15568968	editors	nm9645246
tt15568968	editors	nm9645248
tt15568968	costume_designers	nm3347917
tt15568968	sound_department	nm2143561
tt15568968	sound_department	nm2205275
tt15568968	production_companies	co0884687
tt15568968	distributors	co0884693
tt15568978	cast	nm3753553
tt15568978	cast	nm2449002
tt15568978	cast	nm0118766
tt15568978	cast	nm4443891
tt15568978	cast	nm6205493
tt15568978	directors	nm2479375
tt15568978	writers	nm13025273
tt15568978	writers	nm13007605
tt15568978	producers	nm13007605
tt15568978	cinematographers	nm3753745
tt15568978	editors	nm13025271
tt15568978	make_up_department	nm7194835
tt15568978	production_managers	nm12722772
tt15568978	sound_department	nm8893091
tt15568978	visual_effects	nm13025271
tt15568978	stunts	nm6350307
tt15568978	costume_departmen	nm12498017
tt15568978	distributors	co0489696
tt15568990	cast	nm1338326
tt15568990	cast	nm1354301
tt15568990	cast	nm0449146
tt15568990	cast	nm1756209
tt15568990	cast	nm0921555
tt15568990	directors	nm2357116
tt15568990	writers	nm2349167
tt15568990	cinematographers	nm1858807
tt15568990	art_directors	nm1823783
tt15568990	production_companies	co0884690
tt15568990	production_companies	co0149685
tt15568990	distributors	co0884690
tt15568990	distributors	co0149685
tt15568996	cast	nm12564204
tt15568996	cast	nm1732530
tt15568996	cast	nm9005597
tt15568996	cast	nm10067635
tt15568996	cast	nm11440617
tt15568996	directors	nm3137546
tt15568996	writers	nm3137546
tt15568996	composers	nm0437887
tt15568996	casting_directors	nm12564204
tt15569008	cast	nm8495083
tt15569008	cast	nm13007618
tt15569008	cast	nm13007619
tt15569008	directors	nm13007071
tt15569008	producers	nm13007071
tt15569008	distributors	co0489696
tt15569032	cast	nm0114603
tt15569032	writers	nm0114603
tt15569032	producers	nm0114603
tt15569090	cast	nm1354301
tt15569090	cast	nm13007714
tt15569090	cast	nm0104948
tt15569090	cast	nm1842290
tt15569090	cast	nm0362093
tt15569090	directors	nm1741775
tt15569090	writers	nm1741775
tt15569090	production_companies	co0146395
tt15569090	distributors	co0146395
tt15569124	cast	nm13007784
tt15569124	cast	nm13007785
tt15569124	cast	nm13007786
tt15569124	directors	nm12384711
tt15569124	producers	nm12384711
tt15569124	distributors	co0489696
tt15569164	cast	nm13007807
tt15569164	cast	nm6353982
tt15569164	cast	nm13007806
tt15569164	cast	nm13007805
tt15569164	directors	nm13007804
tt15569164	producers	nm13007808
tt15569164	producers	nm13007806
tt15569164	distributors	co0489696
tt15569178	cast	nm1354301
tt15569178	cast	nm1840404
tt15569178	cast	nm0324317
tt15569178	cast	nm0579945
tt15569178	cast	nm0596420
tt15569178	directors	nm0367314
tt15569178	writers	nm13007818
tt15569178	producers	nm0203452
tt15569178	cinematographers	nm0297584
tt15569178	production_companies	co0035583
tt15569178	production_companies	co0332723
tt15569178	distributors	co0035583
tt15569178	distributors	co0332723
tt15569180	cast	nm12453413
tt15569180	cast	nm1176585
tt15569180	cast	nm12837702
tt15569180	cast	nm2519476
tt15569180	cast	nm1189885
tt15569180	directors	nm12453413
tt15569180	writers	nm12453413
tt15569180	art_directors	nm1135086
tt15569180	production_companies	co0882863
tt15569260	cast	nm10733168
tt15569260	cast	nm13007872
tt15569260	producers	nm10733168
tt15569260	distributors	co0489696
tt1556935	cast	nm2577674
tt1556935	cast	nm3707541
tt1556935	cast	nm2610220
tt1556935	cast	nm0662158
tt1556935	cast	nm2043406
tt1556935	directors	nm2043406
tt1556935	writers	nm2043406
tt1556935	producers	nm2043406
tt1556935	editors	nm2822852
tt1556935	production_companies	co0291105
tt1556935	distributors	co0023299
tt1556941	cast	nm0018203
tt1556941	cast	nm2469558
tt1556941	cast	nm0482309
tt1556941	cast	nm1122888
tt1556941	cast	nm1381069
tt1556941	directors	nm3706826
tt1556941	writers	nm3706826
tt1556941	writers	nm3706826
tt1556941	writers	nm3706826
tt1556941	producers	nm1622255
tt1556941	producers	nm3692393
tt1556941	producers	nm3718297
tt1556941	composers	nm1543795
tt1556941	cinematographers	nm2372630
tt1556941	editors	nm1498355
tt1556941	sound_department	nm1308700
tt1556941	visual_effects	nm6554943
tt1556941	visual_effects	nm4972989
tt1556941	camera_department	nm2715978
tt1556941	music_department	nm2895650
tt1556941	music_department	nm2152653
tt1556941	music_department	nm2068971
tt1556941	music_department	nm2539808
tt1556941	music_department	nm2825625
tt1556941	distributors	co0291285
tt15569432	writers	nm1308907
tt15569432	producers	nm4872998
tt15569432	producers	nm10368296
tt15569432	producers	nm3052130
tt15569432	producers	nm5279393
tt15569432	production_companies	co0727943
tt15569432	production_companies	co0423025
tt15569566	cast	nm0104948
tt15569566	cast	nm0212234
tt15569566	cast	nm0324317
tt15569566	cast	nm0441193
tt15569566	cast	nm0626520
tt15569566	directors	nm0168771
tt15569566	writers	nm0311946
tt15569566	writers	nm13007937
tt15569566	producers	nm0690143
tt15569566	cinematographers	nm0392826
tt15569566	art_directors	nm0781634
tt15569566	production_companies	co0063706
tt15569566	distributors	co0063706
tt15569606	cast	nm4536071
tt15569606	cast	nm3467717
tt15569606	cast	nm0545911
tt15569606	cast	nm13007947
tt15569606	cast	nm13007948
tt15569606	directors	nm1252199
tt15569606	writers	nm1252199
tt15569606	writers	nm4536071
tt15569606	producers	nm1252199
tt15569606	producers	nm8923719
tt15569606	producers	nm4536071
tt15569606	composers	nm13007953
tt15569606	cinematographers	nm13007954
tt15569606	editors	nm1252199
tt15569606	make_up_department	nm8659291
tt15569606	sound_department	nm9730732
tt15569606	sound_department	nm9732869
tt15569606	sound_department	nm9903137
tt15569606	camera_department	nm13011999
tt15569606	camera_department	nm9730733
tt15569606	costume_departmen	nm9732864
tt15569728	cast	nm0773884
tt15569728	cast	nm0004961
tt15569728	cast	nm0005473
tt15569728	cast	nm0424118
tt15569728	cast	nm0093734
tt15569728	directors	nm13007988
tt15569728	producers	nm13007988
tt15569728	producers	nm13007992
tt15569728	producers	nm13007991
tt15569728	composers	nm8056428
tt15569728	production_companies	co0884705
tt15569924	cast	nm8680485
tt15569924	directors	nm3750355
tt15569924	writers	nm3750355
tt15569924	production_companies	co0881606
tt15569972	cast	nm13008015
tt15569972	cast	nm11390298
tt15569972	cast	nm4273002
tt15569972	cast	nm10525933
tt15569972	cast	nm13008020
tt15569972	directors	nm9878611
tt15569972	writers	nm9878611
tt15569972	producers	nm9878611
tt15569972	producers	nm13008022
tt15569972	producers	nm13008024
tt15569972	producers	nm7151014
tt15569972	composers	nm13008025
tt15569972	cinematographers	nm13008026
tt15569972	editors	nm9878611
tt15569972	make_up_department	nm10525939
tt15569972	assistant_directors	nm2224108
tt15569972	assistant_directors	nm7151014
tt15569972	sound_department	nm8781845
tt15569972	camera_department	nm13022595
tt15569972	camera_department	nm12799172
tt15569972	camera_department	nm12471242
tt15569972	camera_department	nm10337239
tt15569972	camera_department	nm13022594
tt15569972	script_department	nm12732511
tt15569972	production_companies	co0887618
tt15570062	cast	nm13008032
tt15570062	cast	nm0104948
tt15570062	cast	nm1842290
tt15570062	cast	nm1338904
tt15570062	cast	nm13008030
tt15570062	directors	nm1741775
tt15570062	writers	nm1741775
tt15570062	producers	nm1741775
tt15570062	production_companies	co0146395
tt15570062	distributors	co0146395
tt15570602	cast	nm0104948
tt15570602	cast	nm0173873
tt15570602	cast	nm0361040
tt15570602	cast	nm0472174
tt15570602	cast	nm0476130
tt15570602	directors	nm0356818
tt15570602	writers	nm0356818
tt15570602	producers	nm0203452
tt15570602	cinematographers	nm0189377
tt15570602	production_designers	nm0725310
tt15570602	production_companies	co0035583
tt15570602	distributors	co0035583
tt15570710	directors	nm13008087
tt15570710	producers	nm13008088
tt15570710	composers	nm13008090
tt15570710	composers	nm13008089
tt15570710	cinematographers	nm13008087
tt15570710	production_companies	co0884709
tt1557137	cast	nm3717886
tt1557137	cast	nm3707298
tt1557137	cast	nm3717431
tt1557137	cast	nm3718336
tt1557137	cast	nm3718091
tt1557137	directors	nm3707184
tt1557137	writers	nm3707184
tt1557137	producers	nm3707184
tt1557137	cinematographers	nm3707184
tt1557137	editors	nm3707229
tt1557137	sound_department	nm3707184
tt1557137	distributors	co0173649
tt1557137	distributors	co0195982
tt15571470	cast	nm0031884
tt15571470	cast	nm0586733
tt15571470	directors	nm9929252
tt15571470	writers	nm9929254
tt15571470	cinematographers	nm0256868
tt15571470	production_companies	co0204463
tt15571470	distributors	co0204463
tt1557148	directors	nm0233339
tt1557148	writers	nm0233339
tt1557148	producers	nm1893876
tt1557148	producers	nm3716096
tt1557148	producers	nm2783498
tt1557148	producers	nm3725134
tt1557148	producers	nm3725192
tt1557148	composers	nm2947699
tt1557148	cinematographers	nm1064395
tt1557148	editors	nm1952425
tt1557148	editors	nm2052540
tt1557148	editorial_department	nm1952425
tt1557148	editorial_department	nm3218500
tt1557148	editorial_department	nm1709541
tt1557148	editorial_department	nm4654653
tt1557148	production_managers	nm3724515
tt1557148	assistant_directors	nm3724192
tt1557148	sound_department	nm1479863
tt1557148	sound_department	nm0276454
tt1557148	sound_department	nm0757684
tt1557148	sound_department	nm1955383
tt1557148	camera_department	nm3723507
tt1557148	camera_department	nm3724192
tt1557148	camera_department	nm3725063
tt1557148	camera_department	nm1064395
tt1557148	music_department	nm1029303
tt1557148	music_department	nm6671557
tt1557148	music_department	nm3101430
tt1557148	music_department	nm2947699
tt1557148	production_companies	co0290623
tt1557148	distributors	co0209817
tt1557148	distributors	co0048319
tt1557151	cast	nm3716988
tt1557151	directors	nm0002433
tt1557151	writers	nm1044104
tt1557151	producers	nm0143921
tt1557151	producers	nm0270098
tt1557151	producers	nm0002433
tt1557151	producers	nm0833620
tt1557151	composers	nm1073152
tt1557151	cinematographers	nm0002433
tt1557151	editors	nm1409133
tt1557151	editors	nm0002433
tt1557151	editorial_department	nm0229731
tt1557151	editorial_department	nm3718774
tt1557151	editorial_department	nm0357213
tt1557151	sound_department	nm0140415
tt1557151	sound_department	nm0265452
tt1557151	sound_department	nm0483359
tt1557151	sound_department	nm0512177
tt1557151	sound_department	nm0564725
tt1557151	camera_department	nm0483359
tt1557151	music_department	nm0917002
tt1557151	production_companies	co0290587
tt1557151	production_companies	co0290569
tt1557151	production_companies	co0032729
tt1557163	cast	nm1584669
tt1557163	cast	nm1944557
tt1557163	cast	nm3715923
tt1557163	cast	nm3533753
tt1557163	cast	nm3716350
tt1557163	directors	nm1351920
tt1557163	writers	nm3706967
tt1557163	writers	nm1351920
tt1557163	writers	nm3718815
tt1557163	producers	nm1351920
tt1557163	composers	nm2074244
tt1557163	cinematographers	nm1967169
tt1557163	editors	nm1351920
tt1557163	sound_department	nm3716052
tt1557163	production_companies	co0167817
tt1557163	distributors	co0290892
tt1557169	cast	nm3716714
tt1557169	cast	nm3388149
tt1557169	cast	nm2346703
tt1557169	cast	nm3611014
tt1557169	cast	nm3717634
tt1557169	directors	nm2501737
tt1557169	writers	nm3716714
tt1557169	producers	nm2501737
tt1557169	producers	nm3716714
tt1557169	composers	nm3707228
tt1557169	composers	nm3712480
tt1557169	cinematographers	nm2501737
tt1557169	editors	nm2501737
tt1557169	editors	nm3716714
tt1557175	cast	nm3985087
tt1557175	cast	nm3707049
tt1557175	cast	nm3250181
tt1557175	cast	nm2106271
tt1557175	directors	nm2106271
tt1557175	writers	nm2109553
tt1557175	production_companies	co0381011
tt1557181	cast	nm1970682
tt1557181	cast	nm2389545
tt1557181	cast	nm3722979
tt1557181	cast	nm3729178
tt1557181	cast	nm3739392
tt1557181	directors	nm2382124
tt1557181	writers	nm2382124
tt1557181	producers	nm2382124
tt1557181	producers	nm2382099
tt1557181	composers	nm3723121
tt1557181	cinematographers	nm3062405
tt1557181	cinematographers	nm2382124
tt1557181	editors	nm3062405
tt1557181	special_effects	nm3723065
tt1557181	special_effects	nm2389782
tt1557181	special_effects	nm3293436
tt1557181	distributors	co0000908
tt1557181	distributors	co0291228
tt1557182	cast	nm1128216
tt1557182	cast	nm1121649
tt1557182	cast	nm3715323
tt1557182	cast	nm3701018
tt1557182	cast	nm3715571
tt1557182	directors	nm1121649
tt1557182	writers	nm1121649
tt1557182	producers	nm2680357
tt1557182	composers	nm6504877
tt1557182	cinematographers	nm6386826
tt1557182	editors	nm1121649
tt1557182	art_directors	nm6386824
tt1557182	set_decorators	nm4603699
tt1557182	sound_department	nm6504878
tt1557182	special_effects	nm6504879
tt1557182	camera_department	nm6386829
tt1557182	music_department	nm6386828
tt1557182	production_companies	co0334374
tt1557182	production_companies	co0406369
tt1557190	cast	nm3717837
tt1557190	cast	nm3718384
tt1557190	cast	nm3718780
tt1557190	cast	nm3718746
tt1557190	cast	nm3707230
tt1557190	directors	nm2833072
tt1557190	writers	nm2833072
tt1557190	producers	nm1425508
tt1557190	composers	nm3717694
tt1557190	cinematographers	nm2833072
tt1557190	editors	nm2833072
tt1557190	editors	nm6665583
tt1557190	assistant_directors	nm3717564
tt1557190	sound_department	nm3716943
tt1557190	special_effects	nm6665583
tt1557190	music_department	nm3718556
tt1557190	production_companies	co0125641
tt1557190	production_companies	co0245132
tt1557190	production_companies	co0137376
tt1557190	distributors	co0125641
tt1557197	cast	nm3456514
tt1557197	cast	nm3655945
tt1557197	cast	nm3718318
tt1557197	cast	nm2075660
tt1557197	cast	nm3707027
tt1557197	directors	nm2501736
tt1557197	writers	nm3717984
tt1557197	producers	nm2501736
tt1557197	producers	nm3283311
tt1557197	producers	nm0296558
tt1557197	producers	nm3284317
tt1557197	producers	nm3717984
tt1557197	composers	nm3722634
tt1557197	composers	nm3696649
tt1557197	composers	nm3721990
tt1557197	composers	nm3712333
tt1557197	cinematographers	nm3284317
tt1557197	editors	nm2501736
tt1557197	editorial_department	nm3717320
tt1557197	production_designers	nm3717320
tt1557197	set_decorators	nm3718318
tt1557197	set_decorators	nm3717320
tt1557197	set_decorators	nm2075660
tt1557197	set_decorators	nm3721451
tt1557197	make_up_department	nm3712488
tt1557197	make_up_department	nm3712331
tt1557197	make_up_department	nm3712564
tt1557197	make_up_department	nm3722763
tt1557197	make_up_department	nm3718318
tt1557197	production_managers	nm2501736
tt1557197	production_managers	nm3717984
tt1557197	production_managers	nm3717320
tt1557197	assistant_directors	nm3717984
tt1557197	art_department	nm2501736
tt1557197	art_department	nm3707027
tt1557197	sound_department	nm2501736
tt1557197	sound_department	nm3721732
tt1557197	sound_department	nm0296558
tt1557197	sound_department	nm3721374
tt1557197	sound_department	nm3722734
tt1557197	special_effects	nm2501736
tt1557197	visual_effects	nm2501736
tt1557197	visual_effects	nm4011799
tt1557197	visual_effects	nm2842342
tt1557197	stunts	nm2501736
tt1557197	stunts	nm3456514
tt1557197	stunts	nm3721732
tt1557197	stunts	nm4011982
tt1557197	stunts	nm3707027
tt1557197	camera_department	nm3721732
tt1557197	camera_department	nm3712776
tt1557197	camera_department	nm3721374
tt1557197	camera_department	nm3721020
tt1557197	casting_department	nm2501736
tt1557197	casting_department	nm3722793
tt1557197	casting_department	nm3717984
tt1557197	casting_department	nm3717320
tt1557197	costume_departmen	nm3718318
tt1557197	costume_departmen	nm3717320
tt1557197	music_department	nm2501736
tt1557197	music_department	nm3284317
tt1557197	music_department	nm3717984
tt1557197	music_department	nm3717320
tt1557197	transportation_department	nm3712486
tt1557197	transportation_department	nm3712488
tt1557197	transportation_department	nm3722793
tt1557199	cast	nm3718151
tt1557199	cast	nm3718738
tt1557199	cast	nm3716919
tt1557199	cast	nm3718521
tt1557199	cast	nm0369730
tt1557199	directors	nm3716887
tt1557199	writers	nm3716887
tt1557199	producers	nm3716887
tt1557199	producers	nm3717947
tt1557199	producers	nm1818434
tt1557199	producers	nm2510963
tt1557199	cinematographers	nm3716887
tt1557199	editors	nm3716887
tt1557199	script_department	nm0324691
tt1557199	script_department	nm3717507
tt1557199	production_companies	co0256090
tt1557199	production_companies	co0197050
tt1557212	cast	nm12540207
tt1557212	cast	nm0662321
tt1557212	directors	nm1775637
tt1557212	writers	nm2287971
tt1557212	writers	nm1775637
tt1557212	producers	nm2287971
tt1557212	producers	nm1775637
tt1557212	cinematographers	nm2287971
tt1557212	editors	nm2287971
tt1557212	distributors	co0233160
tt1557215	cast	nm3707082
tt1557215	directors	nm3717693
tt1557215	composers	nm5444997
tt1557215	composers	nm2330410
tt1557215	cinematographers	nm3717693
tt1557215	editors	nm3717693
tt1557215	production_companies	co0290658
tt1557215	distributors	co0290658
tt1557216	cast	nm3707073
tt1557216	cast	nm3707550
tt1557216	cast	nm3406925
tt1557216	cast	nm3723678
tt1557216	cast	nm3708293
tt1557216	directors	nm3447039
tt1557216	writers	nm3447039
tt1557216	producers	nm3447039
tt1557216	cinematographers	nm3626670
tt1557216	editors	nm3447039
tt1557216	editorial_department	nm1037555
tt1557216	make_up_department	nm3706981
tt1557216	sound_department	nm3707057
tt1557216	sound_department	nm2395717
tt1557216	camera_department	nm3707781
tt1557216	production_companies	co0272726
tt15572260	directors	nm0340637
tt15572260	writers	nm0340637
tt15572260	producers	nm0340637
tt15572260	production_companies	co0885674
tt15572260	production_companies	co0698157
tt15572278	cast	nm13197966
tt15572278	cast	nm4793131
tt15572278	cast	nm4794059
tt15572278	cast	nm0474565
tt15572278	cast	nm9434171
tt15572278	directors	nm0155940
tt15572278	directors	nm9419637
tt15572278	writers	nm2475704
tt15572278	writers	nm6176021
tt15572278	writers	nm0382655
tt15572278	producers	nm13008232
tt15572278	producers	nm5488923
tt15572278	producers	nm13197867
tt15572278	producers	nm2378356
tt15572278	editors	nm5509063
tt15572278	art_department	nm13197903
tt15572278	art_department	nm2243542
tt15572278	production_companies	co0702978
tt15572278	production_companies	co0408085
tt15572278	distributors	co0190900
tt15572540	cast	nm3910668
tt15572540	cast	nm5199457
tt15572540	cast	nm2934268
tt15572540	cast	nm1228550
tt15572540	cast	nm5199564
tt15572540	directors	nm5199247
tt15572540	producers	nm1780220
tt15572540	producers	nm0760366
tt15572540	assistant_directors	nm11390086
tt15572540	production_companies	co0389548
tt15572540	distributors	co0389548
tt15572540	distributors	co0041462
tt15572616	cast	nm0586733
tt15572616	cast	nm0945522
tt15572616	directors	nm0632698
tt15572616	writers	nm0368074
tt15572616	writers	nm0632698
tt15572616	distributors	co0022792
tt15572686	cast	nm1763341
tt15572686	cast	nm5108275
tt15572686	cast	nm1046890
tt15572686	cast	nm7064817
tt15572686	cast	nm8255378
tt15572686	directors	nm4352786
tt15572686	writers	nm4352786
tt15572686	producers	nm10874862
tt15572686	producers	nm9288680
tt15572686	producers	nm12624270
tt15572686	producers	nm12034394
tt15572686	producers	nm5108275
tt15572686	cinematographers	nm11880054
tt15572686	cinematographers	nm0713691
tt15572686	editors	nm4352786
tt15572686	editorial_department	nm8350880
tt15572686	editorial_department	nm13008271
tt15572686	editorial_department	nm11038214
tt15572686	casting_directors	nm0301190
tt15572686	assistant_directors	nm8350880
tt15572686	assistant_directors	nm0569744
tt15572686	sound_department	nm8454881
tt15572686	camera_department	nm11884859
tt15572686	camera_department	nm0713691
tt15572686	music_department	nm4352839
tt15572686	production_companies	co0571649
tt15572686	production_companies	co0870346
tt15572712	directors	nm12609743
tt15572712	writers	nm12609743
tt15572712	composers	nm11027188
tt15572712	cinematographers	nm9580221
tt15572712	editors	nm11027189
tt15572712	production_companies	co0862167
tt15572782	cast	nm0442951
tt15572782	cast	nm0586733
tt15572782	directors	nm0299191
tt15572782	writers	nm0299191
tt15572782	production_companies	co0022792
tt15573008	cast	nm0586733
tt15573008	cast	nm0875366
tt15573008	directors	nm0847695
tt15573008	writers	nm0644823
tt15573008	production_companies	co0022792
tt15573104	producers	nm0395299
tt15573104	producers	nm13012682
tt15573576	directors	nm12333666
tt15573576	writers	nm12333666
tt15573576	producers	nm12333666
tt15573576	cinematographers	nm10966534
tt15573576	production_companies	co0884732
tt15573608	directors	nm0007206
tt15573608	writers	nm0007206
tt15573608	writers	nm7878550
tt15573608	producers	nm0007206
tt15573608	producers	nm1019616
tt15573608	producers	nm7878550
tt15573608	producers	nm11932937
tt15574124	cast	nm1154749
tt15574124	directors	nm0788191
tt15574124	writers	nm1140275
tt15574124	producers	nm3750728
tt15574124	producers	nm1809793
tt15574124	producers	nm1450324
tt15574124	producers	nm0806610
tt15574124	producers	nm1565679
tt15574124	set_decorators	nm1541427
tt15574124	production_companies	co0592426
tt15574124	production_companies	co0754095
tt15574182	directors	nm0061388
tt15574182	producers	nm0007758
tt15574182	producers	nm0039468
tt15574182	producers	nm3218719
tt15574182	cinematographers	nm0268648
tt15574182	editors	nm0580963
tt15574182	music_department	nm4730137
tt15574182	production_companies	co0070636
tt15574182	production_companies	co0036576
tt15574218	cast	nm13008581
tt15574218	cast	nm0215833
tt15574218	cast	nm13008584
tt15574218	cast	nm13179694
tt15574218	cast	nm13008582
tt15574218	directors	nm13008581
tt15574218	writers	nm13008581
tt15574218	writers	nm13008582
tt15574218	producers	nm13008581
tt15574218	producers	nm13008582
tt15574218	producers	nm13008583
tt15574218	composers	nm13008581
tt15574218	cinematographers	nm13008581
tt15574218	cinematographers	nm13008582
tt15574218	editors	nm13008581
tt15574218	special_effects	nm13008581
tt15574218	visual_effects	nm13008581
tt15574218	production_companies	co0884733
tt15574218	distributors	co0884733
tt15574262	cast	nm9698755
tt15574262	cast	nm4370684
tt15574262	cast	nm5258639
tt15574262	cast	nm10872592
tt15574262	cast	nm13008641
tt15574262	directors	nm3859790
tt15574262	writers	nm3859790
tt15574262	production_companies	co0331441
tt15574270	directors	nm5313125
tt15574270	writers	nm5313125
tt15574270	producers	nm5580402
tt15574270	producers	nm10751875
tt15574270	producers	nm5050824
tt15574270	producers	nm1297015
tt15574270	producers	nm3379566
tt15574270	production_companies	co0390816
tt15574270	production_companies	co0814399
tt15574270	production_companies	co0670540
tt15574270	distributors	co0390816
tt15574294	cast	nm8811632
tt15574294	directors	nm8811632
tt15574294	writers	nm8811632
tt15574294	producers	nm8811632
tt15574294	editors	nm8811632
tt15574294	production_companies	co0762554
tt15574304	cast	nm13228955
tt15574304	cast	nm2276868
tt15574304	cast	nm12639085
tt15574304	cast	nm13228954
tt15574304	cast	nm4200896
tt15574304	directors	nm2679364
tt15574304	writers	nm8403811
tt15574304	writers	nm7475893
tt15574304	writers	nm8990945
tt15574304	producers	nm13228959
tt15574304	producers	nm8990945
tt15574304	producers	nm7936742
tt15574304	cinematographers	nm0011960
tt15574304	editors	nm9690661
tt15574304	editorial_department	nm9690661
tt15574304	make_up_department	nm12497475
tt15574304	production_managers	nm3534815
tt15574304	art_department	nm12614722
tt15574304	sound_department	nm9690661
tt15574304	sound_department	nm8812806
tt15574304	sound_department	nm13008725
tt15574304	camera_department	nm11778207
tt15574304	camera_department	nm13209542
tt15574304	camera_department	nm13026917
tt15574304	camera_department	nm13228958
tt15574304	camera_department	nm11458009
tt15574304	costume_departmen	nm13045931
tt15574304	costume_departmen	nm8971374
tt15574304	script_department	nm13008724
tt15574304	transportation_department	nm13228960
tt15574304	production_companies	co0884737
tt15574414	cast	nm3261296
tt15574414	cast	nm7012709
tt15574414	cast	nm2021195
tt15574414	cast	nm2569014
tt15574414	directors	nm2726363
tt15574414	writers	nm7175925
tt15574414	producers	nm13012762
tt15574414	producers	nm7175928
tt15574414	producers	nm3261296
tt15574414	producers	nm13012763
tt15574414	producers	nm7442821
tt15574414	cinematographers	nm0113816
tt15574414	casting_directors	nm10070194
tt15574414	casting_directors	nm8057393
tt15574414	production_designers	nm12410974
tt15574414	set_decorators	nm9634756
tt15574414	costume_designers	nm1516452
tt15574414	make_up_department	nm10878378
tt15574414	make_up_department	nm9121898
tt15574414	make_up_department	nm13012761
tt15574414	production_managers	nm13012764
tt15574414	assistant_directors	nm9043879
tt15574414	art_department	nm6779741
tt15574414	sound_department	nm7766942
tt15574414	camera_department	nm7034895
tt15574414	camera_department	nm5465552
tt15574414	camera_department	nm13012758
tt15574414	camera_department	nm11967274
tt15574414	camera_department	nm13012757
tt15574414	casting_department	nm11130780
tt15574414	costume_departmen	nm13012760
tt15574414	costume_departmen	nm9044582
tt15574414	script_department	nm6931424
tt15574414	production_companies	co0474685
tt15574414	production_companies	co0884973
tt15574414	production_companies	co0884738
tt15574500	cast	nm6077722
tt15574500	cast	nm11877473
tt15574500	cast	nm1787652
tt15574500	cast	nm8721702
tt15574500	cast	nm1836619
tt15574500	directors	nm1787652
tt15574500	directors	nm6570364
tt15574500	directors	nm6255378
tt15574500	writers	nm1787652
tt15574500	writers	nm5844148
tt15574500	writers	nm6570364
tt15574500	producers	nm1787652
tt15574500	composers	nm5402251
tt15574500	composers	nm12019787
tt15574500	composers	nm0696665
tt15574500	composers	nm11063263
tt15574500	composers	nm12634142
tt15574500	cinematographers	nm5379849
tt15574500	cinematographers	nm6570364
tt15574500	cinematographers	nm10422644
tt15574500	cinematographers	nm12454771
tt15574500	cinematographers	nm5181170
tt15574500	editors	nm6130042
tt15574500	editors	nm6570364
tt15574500	editors	nm8014386
tt15574500	editors	nm6255378
tt15574500	casting_directors	nm1787652
tt15574500	casting_directors	nm6570364
tt15574500	casting_directors	nm6255378
tt15574500	production_designers	nm10118022
tt15574500	production_designers	nm6255378
tt15574500	art_directors	nm10118022
tt15574500	art_directors	nm6255378
tt15574500	make_up_department	nm7087680
tt15574500	production_managers	nm12034506
tt15574500	assistant_directors	nm6255378
tt15574500	art_department	nm10118022
tt15574500	sound_department	nm6077722
tt15574500	sound_department	nm10422644
tt15574500	visual_effects	nm6130042
tt15574500	camera_department	nm12454771
tt15574500	camera_department	nm12621496
tt15574500	camera_department	nm6255378
tt15574512	cast	nm2448320
tt15574512	cast	nm0930149
tt15574512	cast	nm0072204
tt15574512	cast	nm2251629
tt15574512	cast	nm12307679
tt15574512	directors	nm7115727
tt15574512	writers	nm7115727
tt15574512	producers	nm7115727
tt15574512	composers	nm1866747
tt15574512	editors	nm7115727
tt15574512	sound_department	nm13033443
tt15574546	cast	nm1233878
tt15574546	cast	nm1727546
tt15574546	cast	nm5662830
tt15574546	directors	nm9126098
tt15574546	writers	nm4537233
tt15574546	writers	nm9126098
tt15574546	writers	nm12848971
tt15574546	producers	nm0526092
tt15574546	producers	nm9126111
tt15574546	production_companies	co0652623
tt15574568	cast	nm0002396
tt15574568	directors	nm0002396
tt15574568	writers	nm0002396
tt15574568	composers	nm0002396
tt15574568	editors	nm13008832
tt15574568	production_companies	co0035803
tt15574568	distributors	co0035803
tt15574610	cast	nm3980475
tt15574610	cast	nm2241811
tt15574610	cast	nm9797406
tt15574610	cast	nm8958897
tt15574610	directors	nm1287140
tt15574610	producers	nm8958897
tt15574610	production_companies	co0884747
tt15574630	writers	nm8220034
tt15574630	producers	nm8220034
tt15574662	writers	nm9313320
tt15574662	writers	nm9882524
tt15574662	producers	nm9313320
tt15574662	producers	nm11879203
tt15574662	production_companies	co0781711
tt15574664	writers	nm8220034
tt15574664	producers	nm8220034
tt15574672	writers	nm8220034
tt15574672	producers	nm8220034
tt15574678	writers	nm10399281
tt15574678	writers	nm11975815
tt15574678	writers	nm13009012
tt15574678	producers	nm9313320
tt15574678	producers	nm11879203
tt15574678	production_companies	co0781711
tt15574696	cast	nm13009015
tt15574696	cast	nm13009016
tt15574696	cast	nm12652516
tt15574696	directors	nm12652516
tt15574696	writers	nm12652516
tt15574696	producers	nm12652516
tt15574696	cinematographers	nm12652516
tt15574696	editors	nm12652516
tt15574696	production_companies	co0884750
tt15574696	distributors	co0864784
tt15574786	writers	nm13009039
tt15574786	writers	nm8220034
tt15574786	producers	nm8220034
tt15574800	writers	nm8220034
tt15574800	producers	nm8220034
tt15574866	directors	nm11914609
tt15574866	writers	nm11414148
tt15574866	writers	nm11912440
tt15574866	producers	nm7381574
tt15574866	producers	nm13009158
tt15574866	producers	nm13009157
tt15574866	producers	nm13009156
tt15574866	producers	nm11912453
tt15574866	cinematographers	nm13009159
tt15574866	distributors	co0878363
tt15574908	cast	nm2698115
tt15574908	cast	nm6371249
tt15574908	cast	nm0792610
tt15574908	cast	nm12142844
tt15574908	cast	nm2863435
tt15574908	directors	nm6934579
tt15574908	directors	nm6934578
tt15574908	writers	nm6934579
tt15574908	writers	nm6934578
tt15574908	producers	nm6371249
tt15574908	producers	nm6934579
tt15574908	producers	nm6934578
tt15574908	producers	nm10118540
tt15574908	composers	nm12109323
tt15574908	cinematographers	nm8947358
tt15574908	sound_department	nm5182944
tt15574908	sound_department	nm9702364
tt15574908	camera_department	nm7291591
tt15574908	camera_department	nm12109325
tt15574908	production_companies	co0643654
tt15574914	directors	nm2504805
tt15574914	writers	nm2882970
tt15574914	producers	nm2882970
tt15574914	producers	nm2504805
tt15574914	cinematographers	nm11780410
tt15574914	production_companies	co0871343
tt15574914	production_companies	co0176954
tt15574942	cast	nm10073262
tt15574942	cast	nm0069783
tt15574942	cast	nm2511538
tt15574942	cast	nm1956600
tt15574942	cast	nm0528071
tt15574942	directors	nm2351653
tt15574942	directors	nm1402557
tt15574942	directors	nm0467811
tt15574942	directors	nm3086049
tt15574942	writers	nm2947835
tt15574942	writers	nm0467811
tt15574942	writers	nm3350939
tt15574942	producers	nm0467811
tt15574942	producers	nm0874888
tt15574942	composers	nm4436439
tt15574942	cinematographers	nm1125778
tt15574942	cinematographers	nm1466862
tt15574942	cinematographers	nm1818578
tt15574942	editors	nm2999566
tt15574942	editors	nm7430522
tt15574942	editors	nm5582221
tt15574942	editors	nm11393466
tt15574942	editors	nm10977100
tt15574942	production_companies	co0582400
tt15574958	cast	nm2119183
tt15574958	cast	nm7475610
tt15574958	cast	nm13009205
tt15574958	cast	nm3447190
tt15574958	cast	nm13009224
tt15574958	directors	nm6905457
tt15574958	writers	nm13004966
tt15574958	writers	nm6905457
tt15574958	producers	nm13004966
tt15574958	producers	nm13004967
tt15574958	cinematographers	nm6065167
tt15574958	cinematographers	nm0455084
tt15574958	cinematographers	nm13009227
tt15574958	cinematographers	nm3452847
tt15574958	cinematographers	nm6905457
tt15574958	editors	nm6905457
tt15574958	production_companies	co0884564
tt15574966	cast	nm7970788
tt15574966	cast	nm7570924
tt15574966	cast	nm6272922
tt15574966	cast	nm5840380
tt15574966	cast	nm8958897
tt15574966	directors	nm5155376
tt15574966	producers	nm6461704
tt15574966	producers	nm8958897
tt15574966	production_companies	co0640735
tt15574966	production_companies	co0884747
tt15574998	directors	nm4824240
tt15574998	producers	nm4824240
tt15574998	cinematographers	nm4824240
tt15574998	editors	nm4824240
tt15575016	cast	nm8972134
tt15575016	cast	nm3885890
tt15575016	cast	nm4450007
tt15575016	cast	nm2096818
tt15575016	cast	nm6272922
tt15575016	directors	nm9803146
tt15575016	producers	nm6461704
tt15575016	producers	nm8958897
tt15575016	production_companies	co0884747
tt15575016	production_companies	co0640735
tt15575068	cast	nm5840379
tt15575068	cast	nm6823397
tt15575068	cast	nm2267504
tt15575068	cast	nm2377911
tt15575068	cast	nm13023710
tt15575068	directors	nm6461704
tt15575068	producers	nm6461704
tt15575068	producers	nm13009307
tt15575068	production_companies	co0640735
tt15575068	production_companies	co0884767
tt15575088	directors	nm3424206
tt15575088	writers	nm3424206
tt15575088	producers	nm3424206
tt15575088	producers	nm5911246
tt15575088	cinematographers	nm3424206
tt15575114	directors	nm4527107
tt15575114	writers	nm4797293
tt15575114	cinematographers	nm8436355
tt15575114	editorial_department	nm8436355
tt15575176	cast	nm13009361
tt15575176	cast	nm13009362
tt15575176	cast	nm13009363
tt15575176	directors	nm0492309
tt15575176	writers	nm0284559
tt15575176	writers	nm0492309
tt15575176	producers	nm0284559
tt15575176	producers	nm0492309
tt15575176	cinematographers	nm0284559
tt15575176	production_companies	co0133520
tt1557519	directors	nm1945379
tt1557519	writers	nm1945379
tt1557519	producers	nm1937748
tt1557519	composers	nm1937748
tt1557519	cinematographers	nm1945379
tt1557519	production_companies	co0153502
tt15575214	cast	nm0084499
tt15575214	cast	nm13009588
tt15575214	cast	nm13017344
tt15575214	cast	nm3768676
tt15575214	cast	nm5141723
tt15575214	directors	nm0147459
tt15575214	writers	nm13009588
tt15575214	writers	nm0147459
tt15575214	producers	nm13009384
tt15575214	producers	nm13009383
tt15575214	producers	nm2213543
tt15575214	producers	nm1106523
tt15575214	cinematographers	nm0003847
tt15575214	editorial_department	nm6499182
tt15575214	sound_department	nm5199421
tt15575214	camera_department	nm1137664
tt15575214	costume_departmen	nm11355822
tt15575214	production_companies	co0101364
tt15575220	cast	nm0005110
tt15575220	writers	nm5964538
tt15575220	writers	nm4686368
tt15575220	producers	nm0193277
tt15575220	producers	nm0005109
tt15575220	producers	nm1025309
tt15575220	producers	nm2397887
tt15575220	production_companies	co0002663
tt15575220	production_companies	co0503776
tt15575220	distributors	co0754095
tt15575264	cast	nm13009452
tt15575264	cast	nm11092625
tt15575264	cast	nm10490271
tt15575264	cast	nm11334759
tt15575264	cast	nm13009453
tt15575264	directors	nm11338725
tt15575264	writers	nm13009452
tt15575264	producers	nm11338725
tt15575264	producers	nm13009454
tt15575264	producers	nm13009452
tt15575264	composers	nm11334759
tt15575264	composers	nm13009455
tt15575264	cinematographers	nm13009454
tt15575264	editors	nm11338725
tt15575264	editorial_department	nm13009454
tt15575264	editorial_department	nm13009452
tt15575264	editorial_department	nm7652190
tt15575264	assistant_directors	nm11641852
tt15575264	art_department	nm13009456
tt15575264	sound_department	nm11338725
tt15575264	sound_department	nm13009460
tt15575264	sound_department	nm13009459
tt15575264	camera_department	nm8624858
tt15575264	camera_department	nm8861889
tt15575264	camera_department	nm7652190
tt15575264	camera_department	nm13009458
tt15575264	camera_department	nm7830881
tt15575264	production_companies	co0884779
tt15575332	cast	nm6233775
tt15575332	cast	nm8353861
tt15575332	cast	nm6548654
tt15575332	cast	nm8796148
tt15575332	directors	nm13126309
tt15575332	writers	nm13126309
tt15575356	cast	nm0344734
tt15575356	cast	nm0333275
tt15575356	cast	nm1408936
tt15575356	cast	nm9385581
tt15575356	cast	nm13009547
tt15575356	directors	nm2127736
tt15575356	writers	nm9457881
tt15575356	writers	nm9457881
tt15575356	producers	nm2203706
tt15575356	cinematographers	nm3174986
tt15575356	editors	nm2244250
tt15575356	production_designers	nm9658621
tt15575356	costume_designers	nm5815039
tt15575356	make_up_department	nm0688718
tt15575356	make_up_department	nm8847013
tt15575356	sound_department	nm6519549
tt15575356	sound_department	nm5525849
tt15575356	production_companies	co0306557
tt15575356	production_companies	co0875184
tt15575356	production_companies	co0185099
tt15575422	cast	nm13009564
tt15575422	cast	nm2604898
tt15575422	cast	nm6236789
tt15575422	cast	nm11455888
tt15575422	cast	nm2957253
tt15575422	directors	nm6193332
tt15575422	writers	nm6193332
tt15575422	producers	nm7807060
tt15575422	producers	nm2604898
tt15575422	producers	nm6193337
tt15575422	producers	nm8445727
tt15575422	composers	nm12368865
tt15575422	cinematographers	nm8445727
tt15575422	cinematographers	nm12474250
tt15575422	production_companies	co0797937
tt15575470	cast	nm5364609
tt15575470	cast	nm1753862
tt15575470	cast	nm3780600
tt15575470	cast	nm8589353
tt15575470	directors	nm5222245
tt15575470	production_companies	co0884792
tt15575470	production_companies	co0884793
tt1557547	directors	nm2491080
tt1557547	writers	nm2491080
tt1557547	producers	nm2334119
tt1557547	producers	nm1514183
tt1557547	producers	nm1078712
tt1557547	producers	nm2491080
tt1557547	composers	nm2755513
tt1557547	cinematographers	nm0131654
tt1557547	editors	nm2425653
tt1557547	editorial_department	nm2294594
tt1557547	editorial_department	nm0940585
tt1557547	production_managers	nm1383225
tt1557547	distributors	co0186837
tt1557547	distributors	co0320789
tt1557553	directors	nm3716398
tt1557553	writers	nm3716398
tt1557553	producers	nm3716398
tt1557553	composers	nm3718704
tt1557553	composers	nm3717178
tt1557553	cinematographers	nm3717924
tt1557553	editors	nm3647274
tt15575552	cast	nm0588340
tt15575552	directors	nm1360983
tt15575552	producers	nm7574125
tt15575552	composers	nm1645891
tt15575552	cinematographers	nm1375917
tt15575552	editors	nm3370582
tt15575552	sound_department	nm3418007
tt15575552	sound_department	nm4736603
tt15575552	production_companies	co0884794
tt15575552	production_companies	co0055939
tt15575588	cast	nm4556203
tt15575588	cast	nm3089916
tt15575588	cast	nm2534485
tt15575588	cast	nm1615892
tt15575588	cast	nm0642949
tt15575588	directors	nm13009627
tt15575588	directors	nm7415492
tt15575588	directors	nm13009628
tt15575588	directors	nm3119777
tt15575604	cast	nm8587075
tt15575604	directors	nm0916510
tt15575604	assistant_directors	nm3494179
tt15575604	sound_department	nm4321199
tt15575604	sound_department	nm10011195
tt15575604	sound_department	nm5672983
tt15575604	camera_department	nm5345602
tt15575604	music_department	nm4730137
tt1557561	cast	nm2830874
tt1557561	cast	nm1352283
tt1557561	cast	nm1349242
tt1557561	cast	nm1352284
tt1557561	directors	nm1352284
tt1557561	writers	nm1349242
tt1557561	producers	nm1349242
tt1557561	composers	nm1352284
tt1557561	cinematographers	nm1352284
tt1557561	editors	nm1352284
tt1557561	production_companies	co0220766
tt1557561	distributors	co0220766
tt1557569	cast	nm2568192
tt1557569	cast	nm0225944
tt1557569	cast	nm0902028
tt1557569	cast	nm0000888
tt1557569	cast	nm4830452
tt1557569	directors	nm3714026
tt1557569	writers	nm3714026
tt1557569	producers	nm3713952
tt1557569	producers	nm2898085
tt1557569	producers	nm3714026
tt1557569	composers	nm3714492
tt1557569	cinematographers	nm2457202
tt1557569	editors	nm3713952
tt1557569	art_department	nm4830380
tt1557569	art_department	nm4830392
tt1557569	sound_department	nm3714363
tt1557569	sound_department	nm3713586
tt1557569	visual_effects	nm2454980
tt1557569	camera_department	nm3713693
tt1557569	camera_department	nm3714855
tt1557569	music_department	nm4830409
tt1557569	music_department	nm3714492
tt1557569	music_department	nm4830494
tt1557569	production_companies	co0291169
tt1557569	distributors	co0212468
tt15575724	cast	nm1152714
tt15575724	cast	nm13017712
tt15575724	cast	nm13011156
tt15575724	cast	nm1199471
tt15575724	cast	nm13009662
tt15575724	directors	nm1152714
tt15575724	writers	nm11782194
tt15575724	producers	nm13013164
tt15575724	producers	nm0225144
tt15575724	producers	nm1152714
tt15575724	producers	nm2456705
tt15575724	producers	nm1199471
tt15575724	cinematographers	nm0225144
tt15575724	casting_directors	nm13013212
tt15575724	casting_directors	nm13013213
tt15575724	production_companies	co0782611
tt15575724	production_companies	co0884796
tt15575844	cast	nm3803944
tt15575844	cast	nm12035609
tt15575844	cast	nm4419407
tt15575844	cast	nm12913654
tt15575844	directors	nm9000117
tt15575844	writers	nm9000117
tt15575844	producers	nm9000117
tt15575844	cinematographers	nm3256507
tt15575844	make_up_department	nm8554945
tt15575844	sound_department	nm10523890
tt15575844	camera_department	nm9786084
tt15575844	casting_department	nm5816550
tt15575856	cast	nm8250915
tt15575856	cast	nm9847180
tt15575856	cast	nm7818142
tt15575856	cast	nm9954942
tt15575856	cast	nm13261437
tt15575856	directors	nm5314147
tt15575856	writers	nm5314147
tt15575856	composers	nm5440334
tt15575856	cinematographers	nm7226481
tt15575856	camera_department	nm9732989
tt15575900	cast	nm4921399
tt15575900	cast	nm10251235
tt15575900	cast	nm4425773
tt15575900	cast	nm3130066
tt15575900	directors	nm9634343
tt15575900	writers	nm9664613
tt15575900	writers	nm9634343
tt15575900	producers	nm12307890
tt15575900	producers	nm4921399
tt15575900	composers	nm5929488
tt15575900	cinematographers	nm3692556
tt15575900	cinematographers	nm4920837
tt15575900	editors	nm8051696
tt15575900	production_companies	co0877815
tt15575918	directors	nm5974331
tt15575918	writers	nm5974331
tt1557594	cast	nm3685970
tt1557594	cast	nm1566345
tt1557594	cast	nm4265274
tt1557594	cast	nm1566336
tt1557594	cast	nm4156113
tt1557594	directors	nm3679226
tt1557594	writers	nm3685970
tt1557594	writers	nm3679226
tt1557594	writers	nm3679226
tt1557594	producers	nm3685970
tt1557594	editors	nm3685970
tt1557594	production_designers	nm3715620
tt1557594	set_decorators	nm3715620
tt1557594	assistant_directors	nm3685663
tt1557594	assistant_directors	nm1887537
tt1557594	sound_department	nm3685970
tt1557594	visual_effects	nm3679639
tt1557594	camera_department	nm3679639
tt1557594	camera_department	nm3685663
tt1557594	production_companies	co0291254
tt1557594	distributors	co0291254
tt1557596	cast	nm0200623
tt1557596	cast	nm3708880
tt1557596	cast	nm1958464
tt1557596	cast	nm3643120
tt1557596	cast	nm3708985
tt1557596	directors	nm4451552
tt1557596	writers	nm4451552
tt1557596	producers	nm4451552
tt1557596	producers	nm0157313
tt1557596	producers	nm1344470
tt1557596	producers	nm3737955
tt1557596	producers	nm1864618
tt1557596	composers	nm1190888
tt1557596	cinematographers	nm1386009
tt1557596	editors	nm1638941
tt1557596	editors	nm0678142
tt1557596	editorial_department	nm7399993
tt1557596	editorial_department	nm4446672
tt1557596	editorial_department	nm1110123
tt1557596	editorial_department	nm3370582
tt1557596	editorial_department	nm1156111
tt1557596	production_designers	nm1927966
tt1557596	art_directors	nm2671885
tt1557596	costume_designers	nm2837740
tt1557596	production_managers	nm3752498
tt1557596	production_managers	nm2120025
tt1557596	production_managers	nm2815278
tt1557596	production_managers	nm1328235
tt1557596	production_managers	nm3271699
tt1557596	assistant_directors	nm0250692
tt1557596	art_department	nm5515293
tt1557596	sound_department	nm0109017
tt1557596	sound_department	nm1208798
tt1557596	sound_department	nm0669673
tt1557596	sound_department	nm0722993
tt1557596	sound_department	nm4458866
tt1557596	camera_department	nm3013682
tt1557596	camera_department	nm3140179
tt1557596	camera_department	nm3148647
tt1557596	camera_department	nm1898119
tt1557596	camera_department	nm4132067
tt1557596	costume_departmen	nm3183772
tt1557596	location_management	nm3703030
tt1557596	music_department	nm2575593
tt1557596	music_department	nm2951263
tt1557596	music_department	nm3148362
tt1557596	production_companies	co0181255
tt1557596	production_companies	co0252500
tt1557596	distributors	co0379646
tt15575978	writers	nm2292894
tt15575978	production_companies	co0008970
tt15575978	distributors	co0721120
tt1557601	directors	nm1597998
tt1557601	producers	nm1597998
tt1557601	composers	nm0157500
tt1557601	composers	nm3717277
tt1557601	composers	nm0516766
tt1557601	composers	nm3708950
tt1557601	editors	nm1597998
tt15576024	cast	nm7288039
tt15576024	cast	nm1949610
tt15576024	cast	nm9538412
tt15576024	cast	nm12151785
tt15576024	cast	nm7078237
tt15576024	directors	nm2265115
tt15576024	writers	nm2265115
tt15576024	producers	nm3667036
tt15576024	producers	nm2265115
tt15576024	producers	nm2272387
tt15576024	producers	nm13009808
tt15576024	editors	nm2265115
tt15576024	costume_designers	nm2272387
tt15576024	art_department	nm3667036
tt15576024	production_companies	co0178295
tt15576024	production_companies	co0178298
tt15576024	production_companies	co0884805
tt15576024	production_companies	co0884806
tt15576024	distributors	co0298063
tt15576026	cast	nm10183124
tt15576026	directors	nm6274646
tt15576032	cast	nm10101467
tt15576032	cast	nm13012112
tt15576032	cast	nm7686956
tt15576032	cast	nm9864384
tt15576032	cast	nm13012113
tt15576032	directors	nm10219089
tt15576032	writers	nm9914605
tt15576032	producers	nm10219089
tt15576032	producers	nm9914605
tt15576032	producers	nm10219101
tt15576032	cinematographers	nm10219089
tt15576032	editors	nm10219089
tt15576032	make_up_department	nm13012129
tt15576032	make_up_department	nm11476173
tt15576032	make_up_department	nm11476175
tt15576032	make_up_department	nm13012128
tt15576032	make_up_department	nm11476172
tt15576032	assistant_directors	nm5846845
tt15576032	assistant_directors	nm9914605
tt15576032	art_department	nm11476180
tt15576032	sound_department	nm5846845
tt15576032	sound_department	nm4751171
tt15576032	sound_department	nm10219101
tt15576032	camera_department	nm11476171
tt15576032	camera_department	nm10219089
tt15576032	camera_department	nm13012127
tt15576032	costume_departmen	nm11476168
tt15576032	location_management	nm9914605
tt15576032	music_department	nm10219089
tt15576032	music_department	nm10219101
tt15576032	script_department	nm9914605
tt15576032	production_companies	co0719529
tt15576032	production_companies	co0719530
tt15576032	distributors	co0223766
tt1557606	cast	nm0201775
tt1557606	cast	nm3713729
tt1557606	cast	nm0580686
tt1557606	directors	nm0580686
tt1557606	writers	nm0580686
tt1557606	producers	nm1718798
tt1557606	producers	nm0580686
tt1557606	composers	nm0289350
tt1557606	cinematographers	nm0449864
tt1557606	cinematographers	nm0580686
tt1557606	cinematographers	nm1241257
tt1557606	editors	nm1931223
tt1557606	production_designers	nm0233694
tt1557606	costume_designers	nm0233694
tt1557606	make_up_department	nm3709126
tt1557606	assistant_directors	nm0732028
tt1557606	art_department	nm0201775
tt1557606	art_department	nm2783096
tt1557606	art_department	nm3272633
tt1557606	sound_department	nm0250697
tt1557606	sound_department	nm0275724
tt1557606	sound_department	nm0004317
tt1557606	special_effects	nm0201775
tt1557606	visual_effects	nm3708948
tt1557606	visual_effects	nm2577929
tt1557606	camera_department	nm0254193
tt1557606	camera_department	nm3709295
tt1557606	camera_department	nm1753176
tt1557606	costume_departmen	nm1416739
tt1557606	script_department	nm0154677
tt1557606	production_companies	co0291043
tt1557606	distributors	co0373204
tt1557606	distributors	co0211305
tt1557606	distributors	co0291043
tt1557612	directors	nm3714988
tt1557612	directors	nm3726637
tt1557612	writers	nm3714988
tt1557612	writers	nm3726637
tt1557612	producers	nm3714988
tt1557612	producers	nm3726637
tt1557612	cinematographers	nm3726637
tt1557612	production_companies	co0291679
tt1557612	production_companies	co0359261
tt1557612	distributors	co0349382
tt1557612	distributors	co0237082
tt15576182	cast	nm12325202
tt15576182	cast	nm0542498
tt15576182	cast	nm7457659
tt15576182	cast	nm6378385
tt15576182	directors	nm10965393
tt15576182	writers	nm9712629
tt15576182	producers	nm12972780
tt15576182	make_up_department	nm6378251
tt15576182	script_department	nm13225043
tt15576182	production_companies	co0884834
tt15576232	cast	nm4201639
tt15576232	cast	nm3386945
tt15576232	directors	nm5778075
tt15576232	producers	nm13010008
tt15576232	producers	nm5778075
tt15576232	cinematographers	nm5516294
tt15576232	production_companies	co0884845
tt1557627	cast	nm0245780
tt1557627	cast	nm0622326
tt1557627	cast	nm0826575
tt1557627	distributors	co0212642
tt15576290	cast	nm0707983
tt15576290	cast	nm2299825
tt15576290	cast	nm1799038
tt15576290	cast	nm2363939
tt15576290	directors	nm3516809
tt15576290	writers	nm6269777
tt15576290	writers	nm7929999
tt15576290	producers	nm2727573
tt15576290	producers	nm1567689
tt15576290	production_companies	co0128784
tt15576290	production_companies	co0656846
tt1557629	cast	nm3724743
tt1557629	cast	nm3724757
tt1557629	cast	nm3724962
tt1557629	cast	nm1162233
tt1557629	cast	nm2982236
tt1557629	directors	nm1887023
tt1557629	writers	nm1887023
tt1557629	producers	nm1887023
tt1557629	composers	nm0817613
tt1557629	cinematographers	nm1887023
tt1557629	editors	nm0067564
tt1557629	editors	nm0498143
tt1557629	production_managers	nm3723483
tt1557629	production_companies	co0291322
tt1557629	distributors	co0233247
tt15576316	cast	nm6845066
tt15576316	cast	nm12470322
tt15576316	cast	nm7188724
tt15576316	cast	nm3046678
tt15576316	cast	nm10977338
tt15576316	directors	nm3668049
tt15576316	writers	nm3668049
tt15576316	producers	nm13010035
tt15576316	composers	nm9671867
tt15576316	editors	nm3809144
tt15576316	production_companies	co0884846
tt1557631	directors	nm3243074
tt1557631	producers	nm3243074
tt1557631	composers	nm3243736
tt1557631	editors	nm3243736
tt1557631	production_companies	co0256482
tt1557640	directors	nm3630263
tt1557640	directors	nm3630618
tt1557640	producers	nm3630263
tt1557640	producers	nm3630618
tt1557640	cinematographers	nm3630618
tt1557640	editors	nm3630618
tt1557640	distributors	co0275778
tt15576448	cast	nm0438463
tt15576448	producers	nm2236337
tt15576448	production_companies	co0877031
tt15576460	cast	nm9071083
tt15576460	cast	nm5817249
tt15576460	directors	nm2590164
tt15576460	producers	nm9963011
tt15576460	producers	nm1803649
tt15576460	production_companies	co0481480
tt1557647	cast	nm3714543
tt1557647	cast	nm3713427
tt1557647	cast	nm3708887
tt1557647	cast	nm3709081
tt1557647	cast	nm2559911
tt1557647	directors	nm2559911
tt1557647	writers	nm2559911
tt1557647	producers	nm2559911
tt1557647	cinematographers	nm2559911
tt1557647	editors	nm2559911
tt1557647	production_companies	co0257209
tt1557647	distributors	co0257209
tt15576508	directors	nm11396215
tt15576508	writers	nm11396215
tt15576508	producers	nm2316161
tt1557653	cast	nm3600418
tt1557653	cast	nm2674230
tt1557653	cast	nm0468866
tt1557653	cast	nm1734832
tt1557653	cast	nm0673097
tt1557653	directors	nm0995484
tt1557653	writers	nm0993971
tt1557653	writers	nm4140333
tt1557653	producers	nm0995484
tt1557653	cinematographers	nm0994010
tt1557653	editors	nm2073903
tt1557653	art_department	nm0995420
tt1557653	sound_department	nm3148353
tt1557653	sound_department	nm8908358
tt1557653	location_management	nm5172757
tt1557653	distributors	co0196207
tt1557653	distributors	co0392051
tt15576552	cast	nm6044567
tt15576552	cast	nm8675858
tt15576552	directors	nm11467357
tt15576552	producers	nm13010204
tt15576552	production_companies	co0884848
tt15576566	cast	nm5310931
tt15576566	directors	nm9827202
tt15576566	writers	nm9335570
tt15576566	producers	nm5310931
tt15576566	producers	nm9335570
tt15576566	producers	nm9827202
tt15576566	production_companies	co0880603
tt15576578	cast	nm4792434
tt15576578	directors	nm8745994
tt15576578	writers	nm8745994
tt15576578	producers	nm11177003
tt15576578	production_companies	co0740817
tt15576584	writers	nm5310931
tt15576584	producers	nm5310931
tt15576584	production_companies	co0880603
tt15576596	cast	nm4520191
tt15576596	directors	nm0415852
tt15576596	writers	nm4633204
tt15576596	producers	nm0415852
tt15576596	production_companies	co0275229
tt15576598	cast	nm6037822
tt15576598	directors	nm6037822
tt15576598	directors	nm4668848
tt15576598	producers	nm4668848
tt15576598	producers	nm7101799
tt15576598	editors	nm7101799
tt15576598	production_companies	co0739396
tt15576602	cast	nm1650011
tt15576602	cast	nm11629532
tt15576602	cast	nm12660860
tt15576602	cast	nm4256192
tt15576602	cast	nm7574177
tt15576602	directors	nm8056868
tt15576602	writers	nm13010305
tt15576602	producers	nm13010305
tt15576602	cinematographers	nm8560422
tt15576602	cinematographers	nm12807685
tt15576602	script_department	nm12006284
tt15576602	distributors	co0648705
tt15576634	cast	nm13010356
tt15576634	cast	nm13010355
tt15576634	cast	nm13010357
tt15576634	directors	nm12384711
tt15576634	directors	nm13010354
tt15576634	producers	nm12384711
tt15576634	distributors	co0489696
tt1557663	cast	nm3162784
tt1557663	cast	nm3724264
tt1557663	cast	nm3714706
tt1557663	cast	nm2592688
tt1557663	cast	nm3713632
tt1557663	directors	nm3714706
tt1557663	writers	nm3714706
tt1557663	editors	nm3709511
tt1557663	production_companies	co0291180
tt15576660	cast	nm13010373
tt15576660	cast	nm13010372
tt15576660	cast	nm13010370
tt15576660	cast	nm13010371
tt15576660	directors	nm13010369
tt15576660	producers	nm13010374
tt15576660	distributors	co0489696
tt1557669	cast	nm4581253
tt1557669	cast	nm5371614
tt1557669	cast	nm0881866
tt1557669	directors	nm0098439
tt1557669	writers	nm0098439
tt1557669	producers	nm0646638
tt1557669	cinematographers	nm2624307
tt1557669	editors	nm3949693
tt1557669	production_managers	nm3709100
tt1557669	assistant_directors	nm2015840
tt1557669	sound_department	nm2602698
tt1557669	sound_department	nm0892675
tt1557669	script_department	nm2015840
tt1557669	production_companies	co0205229
tt1557669	distributors	co0205229
tt15576716	cast	nm13010411
tt15576716	cast	nm13010410
tt15576716	cast	nm13010412
tt15576716	directors	nm13010410
tt15576716	distributors	co0489696
tt15576766	cast	nm8435544
tt15576766	cast	nm7250120
tt15576766	cast	nm13010452
tt15576766	cast	nm11396850
tt15576766	cast	nm8958897
tt15576766	directors	nm6461704
tt15576766	producers	nm6461702
tt15576766	producers	nm6461704
tt15576766	producers	nm8958914
tt15576766	production_companies	co0640735
tt15576766	production_companies	co0884854
tt1557676	cast	nm3715565
tt1557676	cast	nm3712120
tt1557676	directors	nm0064224
tt1557676	composers	nm0526120
tt1557676	distributors	co0170426
tt1557676	distributors	co0098545
tt15576780	cast	nm13010469
tt15576780	cast	nm13010470
tt15576780	cast	nm13010468
tt15576780	directors	nm13010467
tt15576780	producers	nm13010467
tt15576780	distributors	co0489696
tt1557683	cast	nm3715630
tt1557683	cast	nm0040995
tt1557683	cast	nm3713692
tt1557683	cast	nm3881808
tt1557683	cast	nm3897662
tt1557683	directors	nm3715430
tt1557683	producers	nm3715430
tt1557683	composers	nm3713561
tt1557683	cinematographers	nm3715430
tt1557683	editors	nm3715430
tt1557683	art_department	nm3896849
tt1557683	camera_department	nm3744264
tt1557683	camera_department	nm3743905
tt1557683	camera_department	nm3729253
tt1557683	camera_department	nm3896197
tt15576850	cast	nm1591928
tt15576850	cast	nm10359115
tt15576850	cast	nm6963482
tt15576850	directors	nm1591928
tt15576850	directors	nm10359115
tt15576850	writers	nm1591928
tt15576850	writers	nm10359115
tt15576850	producers	nm1591928
tt15576850	composers	nm2492224
tt15576850	cinematographers	nm1591928
tt15576850	cinematographers	nm10359115
tt15576850	editors	nm7788942
tt15576850	art_department	nm10638422
tt15576850	production_companies	co0439643
tt15576850	distributors	co0439643
tt15576870	cast	nm13010526
tt15576870	cast	nm13010527
tt15576870	cast	nm13010525
tt15576870	directors	nm13010524
tt15576870	producers	nm13010524
tt15576870	distributors	co0489696
tt15576878	cast	nm2448925
tt15576878	cast	nm0342578
tt15576878	cast	nm1216826
tt15576878	cast	nm10521366
tt15576878	cast	nm8172053
tt15576878	directors	nm2120412
tt15576878	writers	nm1823347
tt15576878	writers	nm13010535
tt15576878	writers	nm2120412
tt15576878	producers	nm2120412
tt15576878	producers	nm2122547
tt15576878	composers	nm0577318
tt15576878	cinematographers	nm3373993
tt15576878	production_companies	co0757688
tt1557687	cast	nm3022679
tt1557687	cast	nm3276709
tt1557687	cast	nm3708918
tt1557687	cast	nm3709618
tt1557687	cast	nm3709202
tt1557687	directors	nm3713707
tt1557687	producers	nm3713707
tt1557687	producers	nm3022679
tt1557687	composers	nm2343453
tt1557687	cinematographers	nm3713707
tt1557687	editors	nm3713707
tt1557687	set_decorators	nm2473899
tt1557687	make_up_department	nm3709500
tt1557687	art_department	nm2473899
tt1557687	music_department	nm3892076
tt1557687	distributors	co0290783
tt15576884	cast	nm0045075
tt15576884	cast	nm12251518
tt15576884	directors	nm13010550
tt15576884	writers	nm4214524
tt15576884	producers	nm4214524
tt15576884	producers	nm8975795
tt15576884	production_companies	co0884862
tt15576884	production_companies	co0527865
tt15576914	directors	nm0766461
tt15576914	producers	nm13010618
tt1557691	cast	nm3714432
tt1557691	directors	nm3713094
tt1557691	producers	nm3708978
tt1557691	cinematographers	nm3713094
tt1557691	production_companies	co0291161
tt1557691	distributors	co0291161
tt15576930	cast	nm10965592
tt15576930	cast	nm9367231
tt15576930	directors	nm13010621
tt15576930	producers	nm13010622
tt15576930	cinematographers	nm12163233
tt15576930	production_companies	co0884867
tt15576946	cast	nm11465246
tt15576946	cast	nm7628467
tt15576946	cast	nm9586619
tt15576946	cast	nm9503726
tt15576946	cast	nm11757537
tt15576946	directors	nm12112882
tt15576946	writers	nm12112882
tt15576946	composers	nm12112882
tt15576946	composers	nm11465246
tt15576946	cinematographers	nm11921417
tt15576946	distributors	co0862902
tt15576954	cast	nm13010642
tt15576954	cast	nm13010641
tt15576954	cast	nm13010643
tt15576954	directors	nm13010640
tt15576954	producers	nm13010640
tt15576954	distributors	co0489696
tt15576960	directors	nm12342890
tt15576960	writers	nm11216073
tt15576960	producers	nm12342890
tt15576960	cinematographers	nm1666123
tt15576960	production_companies	co0884868
tt15576970	cast	nm13010652
tt15576970	directors	nm8890317
tt15576970	writers	nm8890317
tt15576970	producers	nm2557508
tt15576970	producers	nm8886510
tt15576970	producers	nm2562554
tt15576970	producers	nm8890317
tt15576970	producers	nm2296804
tt15576970	cinematographers	nm4577022
tt15576970	sound_department	nm6851188
tt15576970	production_companies	co0569948
tt15576970	distributors	co0569948
tt15576984	cast	nm9053342
tt15576984	cast	nm4267432
tt15576984	cast	nm4931218
tt15576984	cast	nm2517140
tt15576984	cast	nm8912868
tt15576984	directors	nm7697756
tt15576984	writers	nm9053342
tt15576984	writers	nm7697756
tt15576984	writers	nm13010667
tt15576984	producers	nm3820520
tt15576984	producers	nm3604830
tt15576984	cinematographers	nm8711762
tt15576984	editors	nm8226861
tt15576984	visual_effects	nm10984805
tt15577004	cast	nm8452382
tt15577004	production_companies	co0884874
tt15577060	writers	nm0325029
tt15577060	producers	nm10951402
tt15577060	producers	nm3000772
tt15577092	directors	nm2110571
tt15577092	editors	nm2110571
tt15577092	production_companies	co0348961
tt15577092	distributors	co0348961
tt15577114	cast	nm6219447
tt15577114	cast	nm8452382
tt15577114	cast	nm8698399
tt15577114	directors	nm11811351
tt15577114	production_companies	co0884879
tt1557713	cast	nm0094023
tt1557713	cast	nm0259079
tt1557713	cast	nm1910433
tt1557713	cast	nm0527603
tt1557713	cast	nm1329003
tt1557713	directors	nm0781907
tt1557713	production_companies	co0066766
tt1557713	distributors	co0212642
tt1557714	directors	nm5131306
tt1557714	directors	nm1231439
tt1557714	directors	nm2240970
tt1557714	directors	nm3496570
tt1557714	directors	nm0252180
tt1557714	writers	nm1231439
tt1557714	writers	nm0252180
tt1557714	writers	nm3716548
tt1557714	producers	nm0787410
tt1557714	editors	nm3716967
tt1557714	production_designers	nm0787410
tt1557714	distributors	co0142199
tt1557715	directors	nm1406808
tt1557715	producers	nm0054812
tt1557715	producers	nm2836821
tt1557715	producers	nm0371331
tt1557715	producers	nm1413784
tt1557715	cinematographers	nm3379459
tt1557715	editors	nm1967354
tt1557715	editors	nm1492441
tt1557715	editorial_department	nm1697923
tt1557715	editorial_department	nm3477158
tt1557715	production_managers	nm7378430
tt1557715	sound_department	nm3138616
tt1557715	sound_department	nm1198372
tt1557715	sound_department	nm1977143
tt1557715	sound_department	nm7378431
tt1557715	sound_department	nm0517905
tt1557715	camera_department	nm0706282
tt1557715	production_companies	co0236169
tt1557720	directors	nm1623464
tt1557720	producers	nm1857149
tt1557720	producers	nm1623464
tt1557720	producers	nm2734405
tt1557720	producers	nm0995671
tt1557720	composers	nm1311785
tt1557720	cinematographers	nm1623464
tt1557720	editors	nm2366716
tt1557720	editors	nm0767298
tt1557720	editorial_department	nm1712748
tt1557720	editorial_department	nm3093964
tt1557720	editorial_department	nm0509436
tt1557720	editorial_department	nm3896127
tt1557720	editorial_department	nm3710063
tt1557720	production_managers	nm2844995
tt1557720	art_department	nm4137186
tt1557720	art_department	nm2231644
tt1557720	sound_department	nm4137203
tt1557720	sound_department	nm0505698
tt1557720	sound_department	nm0662910
tt1557720	production_companies	co0049384
tt1557720	production_companies	co0249096
tt1557720	distributors	co0036565
tt1557720	distributors	co0379646
tt1557720	distributors	co0204639
tt1557720	distributors	co0039462
tt1557720	distributors	co0049153
tt1557721	directors	nm0493995
tt1557721	writers	nm0493995
tt1557721	producers	nm0493995
tt1557721	composers	nm3709483
tt1557721	composers	nm2414444
tt1557721	cinematographers	nm3717765
tt1557721	editors	nm0953128
tt1557721	editorial_department	nm1923386
tt1557721	sound_department	nm2198459
tt1557721	sound_department	nm0781949
tt1557721	production_companies	co0189981
tt1557721	distributors	co0189981
tt1557721	distributors	co0071275
tt1557722	cast	nm2299662
tt1557722	writers	nm2299662
tt1557722	producers	nm2299662
tt1557722	cinematographers	nm3550484
tt1557722	cinematographers	nm1145736
tt1557722	editors	nm3550484
tt1557732	directors	nm1115070
tt1557732	producers	nm1115070
tt1557732	producers	nm3708874
tt1557732	composers	nm0098224
tt1557732	cinematographers	nm3717855
tt1557732	editorial_department	nm1018003
tt1557732	editorial_department	nm3681620
tt1557732	visual_effects	nm3681620
tt1557732	camera_department	nm3718232
tt1557735	directors	nm3716362
tt1557735	composers	nm3717489
tt1557735	composers	nm2386742
tt1557735	editors	nm2274903
tt1557735	production_companies	co0291301
tt1557735	distributors	co0158822
tt1557735	distributors	co0202642
tt1557736	cast	nm0104114
tt1557736	cast	nm2040091
tt1557736	directors	nm3709235
tt1557736	writers	nm3709235
tt1557736	producers	nm3717226
tt1557736	producers	nm3717996
tt1557736	composers	nm3709060
tt1557736	production_companies	co0290951
tt1557747	cast	nm3708854
tt1557747	cast	nm3709445
tt1557747	cast	nm3718381
tt1557747	cast	nm3709189
tt1557747	cast	nm0067295
tt1557747	directors	nm1864784
tt1557747	writers	nm1864784
tt1557747	producers	nm1885799
tt1557747	producers	nm1864784
tt1557747	producers	nm1352149
tt1557747	composers	nm3709419
tt1557747	cinematographers	nm1710753
tt1557747	editors	nm1864784
tt1557747	editorial_department	nm1885799
tt1557747	editorial_department	nm1710753
tt1557747	costume_designers	nm3717007
tt1557747	costume_designers	nm3709541
tt1557747	costume_designers	nm3709318
tt1557747	assistant_directors	nm1885799
tt1557747	sound_department	nm3717334
tt1557747	sound_department	nm1885799
tt1557747	sound_department	nm2245758
tt1557747	sound_department	nm3861903
tt1557747	sound_department	nm3718301
tt1557747	visual_effects	nm1942927
tt1557747	camera_department	nm1121987
tt1557747	camera_department	nm1870529
tt1557747	camera_department	nm3713738
tt1557747	camera_department	nm1886392
tt1557747	camera_department	nm0686658
tt1557747	casting_department	nm1870529
tt1557747	location_management	nm1887430
tt1557747	production_companies	co0290642
tt1557769	cast	nm1099663
tt1557769	cast	nm0715768
tt1557769	cast	nm1586772
tt1557769	cast	nm1478076
tt1557769	cast	nm0670526
tt1557769	directors	nm1240575
tt1557769	directors	nm1240701
tt1557769	writers	nm1240575
tt1557769	writers	nm1240701
tt1557769	writers	nm1054899
tt1557769	producers	nm3285930
tt1557769	producers	nm1240575
tt1557769	producers	nm1240701
tt1557769	producers	nm3306041
tt1557769	producers	nm1266496
tt1557769	composers	nm1546910
tt1557769	cinematographers	nm0973942
tt1557769	editors	nm1240701
tt1557769	editors	nm0341376
tt1557769	editorial_department	nm0666919
tt1557769	production_designers	nm1472103
tt1557769	art_directors	nm3098652
tt1557769	costume_designers	nm3098652
tt1557769	make_up_department	nm2322577
tt1557769	production_managers	nm3719306
tt1557769	assistant_directors	nm3510447
tt1557769	art_department	nm3645662
tt1557769	art_department	nm3447161
tt1557769	art_department	nm2532017
tt1557769	sound_department	nm1222491
tt1557769	sound_department	nm2562465
tt1557769	sound_department	nm0275447
tt1557769	sound_department	nm4215626
tt1557769	sound_department	nm3743796
tt1557769	camera_department	nm1951215
tt1557769	camera_department	nm1823550
tt1557769	camera_department	nm1439419
tt1557769	camera_department	nm3719113
tt1557769	camera_department	nm3311369
tt1557769	costume_departmen	nm3098652
tt1557769	production_companies	co0084364
tt1557769	production_companies	co0280176
tt1557769	distributors	co0010508
tt1557769	distributors	co0765171
tt1557769	distributors	co0231743
tt1557771	cast	nm0263906
tt1557771	cast	nm1145464
tt1557771	cast	nm2114493
tt1557771	cast	nm0934493
tt1557771	directors	nm0821520
tt1557771	producers	nm0821520
tt1557771	producers	nm0934493
tt1557771	cinematographers	nm1965641
tt1557771	editors	nm0821520
tt15577750	cast	nm2106114
tt15577750	cast	nm12314134
tt15577750	cast	nm2647824
tt15577750	directors	nm13010640
tt15577750	producers	nm13010640
tt15577750	distributors	co0489696
tt1557779	directors	nm0724905
tt1557779	writers	nm0724905
tt1557779	producers	nm0724905
tt1557779	cinematographers	nm0410062
tt1557779	cinematographers	nm0502375
tt1557779	cinematographers	nm0913197
tt1557779	editors	nm3709160
tt1557779	production_companies	co0060591
tt1557779	distributors	co0060591
tt1557783	cast	nm1970866
tt1557783	cast	nm3713793
tt1557783	cast	nm1028315
tt1557783	cast	nm1679187
tt1557783	cast	nm3713756
tt1557783	directors	nm2912327
tt1557783	writers	nm2912327
tt1557783	producers	nm2912885
tt1557783	producers	nm2912329
tt1557783	producers	nm2912109
tt1557783	producers	nm1626972
tt1557783	producers	nm3715092
tt1557783	composers	nm2912327
tt1557783	cinematographers	nm2784247
tt1557783	editors	nm2912327
tt1557783	editors	nm1627427
tt1557783	casting_directors	nm3397671
tt1557783	art_directors	nm2463947
tt1557783	production_managers	nm3715251
tt1557783	assistant_directors	nm3714937
tt1557783	assistant_directors	nm3715258
tt1557783	art_department	nm3637310
tt1557783	art_department	nm3219350
tt1557783	sound_department	nm3519176
tt1557783	sound_department	nm3715214
tt1557783	sound_department	nm3714019
tt1557783	special_effects	nm3714485
tt1557783	special_effects	nm3713103
tt1557783	camera_department	nm7073476
tt1557783	camera_department	nm3709284
tt1557783	camera_department	nm2904345
tt1557783	camera_department	nm3709066
tt1557783	casting_department	nm3638563
tt1557783	production_companies	co0230818
tt1557783	distributors	co0343342
tt1557786	cast	nm4896383
tt1557786	cast	nm0119880
tt1557786	cast	nm4904459
tt1557786	cast	nm0002029
tt1557786	cast	nm3076528
tt1557786	directors	nm2241637
tt1557786	writers	nm2241637
tt1557786	producers	nm7007377
tt1557786	producers	nm3071160
tt1557786	producers	nm3713130
tt1557786	producers	nm3875207
tt1557786	composers	nm1974481
tt1557786	editors	nm2654093
tt1557786	editorial_department	nm1395034
tt1557786	costume_designers	nm0728191
tt1557786	make_up_department	nm6718753
tt1557786	sound_department	nm0025830
tt1557786	sound_department	nm3322917
tt1557786	sound_department	nm3239976
tt1557786	sound_department	nm4124583
tt1557786	sound_department	nm3864173
tt1557786	visual_effects	nm3385996
tt1557786	visual_effects	nm3421527
tt1557786	visual_effects	nm3542700
tt1557786	camera_department	nm0100617
tt1557786	camera_department	nm3974338
tt1557786	camera_department	nm1268863
tt1557786	camera_department	nm4155666
tt1557786	casting_department	nm4603245
tt1557786	costume_departmen	nm4381117
tt1557786	music_department	nm3239976
tt1557786	production_companies	co0293308
tt1557786	distributors	co0293308
tt1557786	distributors	co0290880
tt1557790	cast	nm5642307
tt1557790	cast	nm3708908
tt1557790	cast	nm3718505
tt1557790	cast	nm2017700
tt1557790	cast	nm3716566
tt1557790	directors	nm3717139
tt1557790	producers	nm3717139
tt1557790	composers	nm3716763
tt1557790	composers	nm3717139
tt1557790	composers	nm3709180
tt1557790	composers	nm3709292
tt1557790	cinematographers	nm1501860
tt1557790	editors	nm3717139
tt1557790	camera_department	nm3717139
tt1557791	directors	nm3693465
tt1557791	writers	nm3693465
tt1557791	producers	nm2757253
tt1557791	composers	nm0594632
tt1557791	cinematographers	nm2757253
tt1557791	editors	nm2525305
tt1557791	production_designers	nm2757253
tt1557791	sound_department	nm2014490
tt1557799	cast	nm3718464
tt1557799	cast	nm3718272
tt1557799	cast	nm3708967
tt1557799	cast	nm3709317
tt1557799	cast	nm3708993
tt1557799	directors	nm3709304
tt1557799	writers	nm3718462
tt1557799	writers	nm3709304
tt1557799	writers	nm2676301
tt1557799	producers	nm3709304
tt1557799	composers	nm3718462
tt1557799	cinematographers	nm3731820
tt1557799	cinematographers	nm2676301
tt1557799	editors	nm2676301
tt1557799	special_effects	nm3709304
tt1557799	camera_department	nm3731820
tt1557799	camera_department	nm3728383
tt1557799	production_companies	co0290518
tt1557803	cast	nm3714743
tt1557803	cast	nm3713265
tt1557803	cast	nm3714845
tt1557803	cast	nm3709111
tt1557803	cast	nm3715061
tt1557803	directors	nm2084300
tt1557803	producers	nm2084300
tt1557803	cinematographers	nm2084300
tt1557803	editors	nm2084300
tt1557803	camera_department	nm0165614
tt1557803	camera_department	nm2862919
tt1557803	production_companies	co0264691
tt1557803	distributors	co0264691
tt15578172	cast	nm9982970
tt15578172	cast	nm13010819
tt15578172	cast	nm13010820
tt15578172	cast	nm2518976
tt15578172	cast	nm10054959
tt15578172	directors	nm2519476
tt15578172	writers	nm13010821
tt15578172	composers	nm12248770
tt15578172	cinematographers	nm12796556
tt15578172	cinematographers	nm13010822
tt15578172	art_directors	nm12246170
tt15578172	production_companies	co0366253
tt1557832	cast	nm0863276
tt1557832	cast	nm3432765
tt1557832	cast	nm0946170
tt1557832	cast	nm3709316
tt1557832	cast	nm7256890
tt1557832	directors	nm3207885
tt1557832	writers	nm3718157
tt1557832	writers	nm3207885
tt1557832	writers	nm0683282
tt1557832	producers	nm6766768
tt1557832	producers	nm3717363
tt1557832	producers	nm0594372
tt1557832	producers	nm3716289
tt1557832	producers	nm3718002
tt1557832	composers	nm3708839
tt1557832	cinematographers	nm0945840
tt1557832	editors	nm3207885
tt1557832	art_directors	nm3716403
tt1557832	set_decorators	nm3035890
tt1557832	costume_designers	nm3940989
tt1557832	assistant_directors	nm3717480
tt1557832	sound_department	nm0608650
tt1557832	camera_department	nm3716628
tt1557832	camera_department	nm2216634
tt1557832	camera_department	nm2829870
tt1557832	camera_department	nm0945840
tt1557832	camera_department	nm1627218
tt1557832	script_department	nm1538131
tt1557832	script_department	nm0683282
tt1557832	production_companies	co0049313
tt1557832	production_companies	co0291178
tt1557832	distributors	co0031369
tt1557839	cast	nm3737210
tt1557839	cast	nm3709565
tt1557839	cast	nm1656474
tt1557839	cast	nm3709385
tt1557839	directors	nm2664179
tt1557839	writers	nm2664179
tt1557839	producers	nm2664179
tt1557839	composers	nm3709012
tt1557839	cinematographers	nm2664179
tt1557839	cinematographers	nm0875902
tt1557839	editors	nm2664179
tt1557839	editorial_department	nm1657554
tt1557839	sound_department	nm3709302
tt1557839	sound_department	nm2092354
tt1557839	production_companies	co0290980
tt1557839	distributors	co0015334
tt1557843	cast	nm5531491
tt1557843	cast	nm7847717
tt1557843	cast	nm3075294
tt1557843	cast	nm2991261
tt1557843	cast	nm3621034
tt1557843	directors	nm4669069
tt1557843	writers	nm4669069
tt1557843	producers	nm4669069
tt1557843	producers	nm1727878
tt1557843	composers	nm2372229
tt1557843	cinematographers	nm2271704
tt1557843	editors	nm4669069
tt1557843	make_up_department	nm5555456
tt1557843	sound_department	nm1161886
tt1557843	visual_effects	nm3417522
tt1557843	visual_effects	nm4639463
tt1557843	visual_effects	nm4294288
tt1557843	music_department	nm4708392
tt1557843	music_department	nm1161886
tt1557843	distributors	co0019150
tt1557845	directors	nm0325088
tt1557845	producers	nm3738053
tt1557845	composers	nm1390780
tt1557845	cinematographers	nm0325088
tt1557845	cinematographers	nm0892456
tt1557845	editors	nm1786968
tt1557845	sound_department	nm0994874
tt1557845	production_companies	co0305550
tt1557845	distributors	co0098272
tt1557851	directors	nm3718522
tt1557851	producers	nm3718522
tt1557851	cinematographers	nm3718522
tt1557851	editors	nm3718522
tt1557851	production_companies	co0290797
tt1557851	distributors	co0290797
tt1557860	cast	nm3737547
tt1557860	cast	nm1505262
tt1557860	cast	nm5192846
tt1557860	cast	nm2420643
tt1557860	cast	nm1748219
tt1557860	directors	nm3736483
tt1557860	directors	nm3117819
tt1557860	writers	nm3737785
tt1557860	writers	nm3123475
tt1557860	writers	nm3736483
tt1557860	producers	nm0947727
tt1557860	composers	nm0230472
tt1557860	cinematographers	nm3117819
tt1557860	editors	nm2689222
tt1557860	editorial_department	nm2551735
tt1557860	editorial_department	nm2549440
tt1557860	production_designers	nm0319744
tt1557860	art_directors	nm0319744
tt1557860	visual_effects	nm2551735
tt1557860	costume_departmen	nm5140493
tt1557860	production_companies	co0292107
tt1557868	cast	nm1971864
tt1557868	cast	nm2490835
tt1557868	cast	nm1621937
tt1557868	cast	nm2100777
tt1557868	cast	nm4129049
tt1557868	directors	nm1015430
tt1557868	writers	nm0571253
tt1557868	cinematographers	nm3736466
tt1557868	editors	nm1888217
tt1557868	editors	nm0815604
tt1557868	production_companies	co0330881
tt1557874	directors	nm3717526
tt1557874	producers	nm2208646
tt1557874	producers	nm0618765
tt1557874	cinematographers	nm0321825
tt1557874	editors	nm0919313
tt1557874	sound_department	nm0202923
tt1557874	sound_department	nm3547526
tt1557874	production_companies	co0175979
tt1557874	distributors	co0175979
tt1557877	cast	nm3718565
tt1557877	cast	nm3709078
tt1557877	cast	nm2164266
tt1557877	cast	nm1371821
tt1557877	directors	nm1370284
tt1557877	writers	nm1370284
tt1557877	producers	nm1370284
tt1557877	producers	nm1371821
tt1557877	composers	nm2292425
tt1557877	editors	nm0243231
tt1557877	editors	nm0243233
tt1557877	editors	nm0279371
tt1557877	make_up_department	nm1371821
tt1557877	camera_department	nm1370284
tt1557877	production_companies	co0097706
tt1557880	cast	nm3736270
tt1557880	cast	nm3738229
tt1557880	cast	nm3288416
tt1557880	cast	nm1039728
tt1557880	cast	nm2485598
tt1557880	directors	nm3105633
tt1557880	directors	nm3709544
tt1557880	writers	nm3736795
tt1557880	writers	nm3709544
tt1557880	writers	nm3105633
tt1557880	producers	nm3736795
tt1557880	producers	nm3737112
tt1557880	producers	nm3709544
tt1557880	producers	nm3105633
tt1557880	composers	nm3737112
tt1557880	cinematographers	nm3105633
tt1557880	editors	nm3736795
tt1557880	editors	nm3709544
tt1557880	production_designers	nm3105633
tt1557880	camera_department	nm3105633
tt1557883	directors	nm3194840
tt1557883	writers	nm3718860
tt1557883	producers	nm0362844
tt1557883	producers	nm1233028
tt1557883	composers	nm2329358
tt1557883	cinematographers	nm0623540
tt1557883	editors	nm0018987
tt1557883	editorial_department	nm2106969
tt1557883	production_companies	co0218758
tt1557883	distributors	co0142199
tt15579134	directors	nm10136401
tt15579134	writers	nm10136401
tt15579134	producers	nm10136402
tt15579134	cinematographers	nm10136401
tt15579134	editors	nm10136401
tt15579600	cast	nm10973023
tt15579600	cast	nm7693612
tt15579600	cast	nm6567710
tt15579600	cast	nm12138613
tt15579600	cast	nm4234031
tt15579600	directors	nm6567710
tt15579600	writers	nm6567710
tt15579600	producers	nm12961950
tt15579600	producers	nm13010947
tt15579600	producers	nm3288898
tt15579600	producers	nm8324817
tt15579600	producers	nm6567710
tt15579600	composers	nm1060944
tt15579600	cinematographers	nm6567710
tt15579600	editors	nm3995578
tt15579600	casting_directors	nm8002131
tt15579600	casting_directors	nm3288898
tt15579600	casting_directors	nm6567710
tt15579600	make_up_department	nm13010950
tt15579600	make_up_department	nm13010951
tt15579600	assistant_directors	nm8002131
tt15579600	sound_department	nm13010952
tt15579600	camera_department	nm10032424
tt15579600	camera_department	nm9794826
tt15579600	camera_department	nm13010948
tt15579600	camera_department	nm11856461
tt15579600	costume_departmen	nm9794826
tt15579600	costume_departmen	nm13010949
tt15579600	production_companies	co0486704
tt15579718	cast	nm13010957
tt15579718	cast	nm13010955
tt15579718	cast	nm13010956
tt15579718	directors	nm13010954
tt15579718	distributors	co0489696
tt15580332	cast	nm13011012
tt15580332	cast	nm13011011
tt15580332	cast	nm6136291
tt15580332	directors	nm7484897
tt15580332	producers	nm6136291
tt15580332	producers	nm7484897
tt15580332	distributors	co0489696
tt15580476	writers	nm0943445
tt15580476	producers	nm1655252
tt15580476	producers	nm0943445
tt15580476	production_companies	co0030681
tt15580814	directors	nm6216817
tt15580814	writers	nm6216817
tt15580814	producers	nm11078003
tt15580814	producers	nm13011028
tt15580814	producers	nm8360111
tt15580814	production_companies	co0884890
tt15580814	production_companies	co0468624
tt15580814	production_companies	co0652393
tt15580872	cast	nm8673980
tt15580872	cast	nm13022467
tt15580872	cast	nm13022463
tt15580872	cast	nm6839367
tt15580872	cast	nm7570924
tt15580872	directors	nm5721324
tt15580872	writers	nm7735770
tt15580872	writers	nm13022477
tt15580872	writers	nm2718874
tt15580872	producers	nm12750719
tt15580872	producers	nm13011036
tt15580872	producers	nm12123195
tt15580872	cinematographers	nm5320657
tt15580872	editors	nm7448683
tt15580872	make_up_department	nm12986803
tt15580872	production_managers	nm13022475
tt15580872	sound_department	nm13022476
tt15580872	sound_department	nm12743637
tt15580872	sound_department	nm12251555
tt15580872	camera_department	nm13022473
tt15580872	camera_department	nm13022470
tt15580872	camera_department	nm3576662
tt15580872	camera_department	nm13022472
tt15580872	camera_department	nm13022471
tt15580872	costume_departmen	nm12504139
tt15580872	costume_departmen	nm5721324
tt15580872	costume_departmen	nm13022474
tt15580872	location_management	nm12123195
tt15580872	script_department	nm12704256
tt15580872	production_companies	co0683991
tt15580872	production_companies	co0718714
tt15580872	distributors	co0489696
tt15580938	directors	nm0624705
tt15580938	writers	nm8446310
tt15580938	producers	nm1312719
tt15580938	production_companies	co0099446
tt15581140	directors	nm7696290
tt15581140	writers	nm7696290
tt15581140	writers	nm13011051
tt15581140	writers	nm13011052
tt15581140	producers	nm7696290
tt15581140	producers	nm13011921
tt15581140	producers	nm13011051
tt15581140	production_companies	co0641717
tt15581316	cast	nm13011059
tt15581316	cast	nm13011060
tt15581316	cast	nm13011061
tt15581316	cast	nm12314134
tt15581316	directors	nm13011058
tt15581316	producers	nm13011058
tt15581316	distributors	co0489696
tt15581368	cast	nm13011063
tt15581368	cast	nm11298789
tt15581368	cast	nm9714216
tt15581368	cast	nm13011065
tt15581368	cast	nm13011067
tt15581368	directors	nm10584019
tt15581368	writers	nm10584019
tt15581368	producers	nm13011068
tt15581368	producers	nm13011069
tt15581368	composers	nm9930890
tt15581368	composers	nm13011070
tt15581368	composers	nm11143972
tt15581368	cinematographers	nm3561230
tt15581368	editors	nm10584019
tt15581368	sound_department	nm9188300
tt15581368	production_companies	co0884892
tt15581368	production_companies	co0884891
tt15581368	distributors	co0087307
tt1558145	cast	nm3717919
tt1558145	cast	nm3717696
tt1558145	cast	nm3718578
tt1558145	directors	nm2968797
tt1558145	writers	nm2968797
tt1558145	producers	nm2968797
tt1558145	producers	nm0402246
tt1558145	composers	nm3718736
tt1558145	cinematographers	nm1523103
tt1558145	editors	nm2266118
tt1558145	production_managers	nm3718900
tt1558145	sound_department	nm1756438
tt1558145	sound_department	nm3716426
tt1558145	production_companies	co0291104
tt1558145	production_companies	co0075650
tt1558145	distributors	co0290855
tt1558149	cast	nm3717865
tt1558149	cast	nm3716720
tt1558149	directors	nm2968797
tt1558149	writers	nm2968797
tt1558149	producers	nm2968797
tt1558149	producers	nm3717810
tt1558149	producers	nm3718465
tt1558149	cinematographers	nm1523103
tt1558149	editors	nm0061885
tt1558149	editorial_department	nm3718723
tt1558149	production_managers	nm1007212
tt1558149	art_department	nm3667658
tt1558149	sound_department	nm2053974
tt1558149	sound_department	nm3253182
tt1558149	sound_department	nm1841713
tt1558149	sound_department	nm3366773
tt1558149	sound_department	nm2859527
tt1558149	visual_effects	nm1859138
tt1558149	production_companies	co0452163
tt1558149	production_companies	co0290789
tt1558149	production_companies	co0291166
tt1558149	production_companies	co0075650
tt1558149	distributors	co0290855
tt1558152	cast	nm6690625
tt1558152	cast	nm0124133
tt1558152	cast	nm0155515
tt1558152	cast	nm1326010
tt1558152	cast	nm4847655
tt1558152	directors	nm3737097
tt1558152	producers	nm3737097
tt1558152	producers	nm2717769
tt1558152	producers	nm1555789
tt1558152	producers	nm3730439
tt1558152	cinematographers	nm3709399
tt1558152	cinematographers	nm3737097
tt1558152	cinematographers	nm2717769
tt1558152	editors	nm1424135
tt1558152	editors	nm3737097
tt1558152	sound_department	nm3737097
tt1558152	camera_department	nm3730508
tt1558152	camera_department	nm3747040
tt1558152	camera_department	nm3746415
tt1558152	camera_department	nm3730439
tt1558152	music_department	nm0715044
tt1558152	music_department	nm2828587
tt1558152	production_companies	co0292508
tt1558152	distributors	co0195144
tt1558152	distributors	co0292508
tt1558166	cast	nm0949748
tt1558166	cast	nm3276979
tt1558166	cast	nm3709404
tt1558166	cast	nm0250663
tt1558166	cast	nm3709159
tt1558166	directors	nm1096604
tt1558166	writers	nm1096604
tt1558166	producers	nm2902698
tt1558166	composers	nm0949748
tt1558166	cinematographers	nm1153461
tt1558166	editors	nm2552236
tt1558166	sound_department	nm0393132
tt1558166	production_companies	co0290698
tt1558166	distributors	co0290698
tt1558174	cast	nm2383924
tt1558174	cast	nm0678016
tt1558174	cast	nm0673772
tt1558174	cast	nm0593299
tt1558174	cast	nm3736333
tt1558174	directors	nm2399064
tt1558174	producers	nm2399064
tt1558174	cinematographers	nm2399064
tt1558174	editors	nm2399064
tt1558174	production_companies	co0187817
tt1558181	cast	nm3610250
tt1558181	cast	nm1887326
tt1558181	cast	nm0299811
tt1558181	cast	nm0652068
tt1558181	cast	nm3718386
tt1558181	directors	nm2136176
tt1558181	writers	nm2136176
tt1558181	producers	nm2911888
tt1558181	composers	nm3718574
tt1558181	cinematographers	nm3718509
tt1558181	editors	nm2136176
tt1558181	production_companies	co0290794
tt1558181	distributors	co0290794
tt15582016	cast	nm13011108
tt15582016	cast	nm13011109
tt15582016	cast	nm13011110
tt15582016	directors	nm6422900
tt15582016	producers	nm6422900
tt15582016	distributors	co0489696
tt15582232	cast	nm13012421
tt15582232	cast	nm13011122
tt15582232	cast	nm13011123
tt15582232	cast	nm13011120
tt15582232	cast	nm13011124
tt15582232	directors	nm4347845
tt15582232	producers	nm4347845
tt15582232	cinematographers	nm13011125
tt15582232	cinematographers	nm13011126
tt15582232	cinematographers	nm13011127
tt15582232	editors	nm13011128
tt15582232	production_companies	co0864403
tt15582232	distributors	co0795560
tt15582298	directors	nm8924190
tt15582298	writers	nm8924190
tt15582298	producers	nm8924190
tt15582298	cinematographers	nm8924190
tt15582298	editors	nm8924190
tt15582298	production_companies	co0872814
tt15582308	cast	nm13010641
tt15582308	cast	nm13011171
tt15582308	cast	nm13011170
tt15582308	directors	nm6788673
tt15582308	producers	nm13011171
tt15582308	distributors	co0489696
tt15582360	cast	nm13033915
tt15582360	cast	nm1583482
tt15582360	cast	nm13011173
tt15582360	cast	nm13011172
tt15582360	cast	nm1693034
tt15582360	editors	nm7710513
tt15582360	sound_department	nm6081595
tt15582360	production_companies	co0611037
tt15582360	distributors	co0230438
tt15582394	cast	nm6837559
tt15582394	cast	nm9724990
tt15582394	cast	nm13011175
tt15582394	directors	nm13011174
tt15582394	producers	nm13011176
tt15582394	distributors	co0489696
tt1558246	cast	nm0245705
tt1558246	cast	nm3590786
tt1558246	cast	nm0038918
tt1558246	cast	nm0039711
tt1558246	cast	nm1683719
tt1558246	directors	nm1918269
tt1558246	writers	nm1918269
tt1558246	producers	nm0184605
tt1558246	producers	nm0197383
tt1558246	producers	nm0614854
tt1558246	producers	nm1867925
tt1558246	producers	nm3868337
tt1558246	composers	nm0697048
tt1558246	cinematographers	nm2168099
tt1558246	cinematographers	nm0809455
tt1558246	editors	nm0303348
tt1558246	editorial_department	nm2416278
tt1558246	casting_directors	nm1506153
tt1558246	casting_directors	nm1545122
tt1558246	set_decorators	nm2273816
tt1558246	costume_designers	nm1685628
tt1558246	make_up_department	nm4042516
tt1558246	make_up_department	nm3737153
tt1558246	make_up_department	nm2979028
tt1558246	make_up_department	nm0483698
tt1558246	make_up_department	nm3807898
tt1558246	production_managers	nm3956031
tt1558246	assistant_directors	nm3226827
tt1558246	assistant_directors	nm2439480
tt1558246	assistant_directors	nm4163160
tt1558246	assistant_directors	nm4992088
tt1558246	assistant_directors	nm0614612
tt1558246	art_department	nm3741530
tt1558246	art_department	nm3370389
tt1558246	art_department	nm6096208
tt1558246	art_department	nm3418331
tt1558246	art_department	nm3265443
tt1558246	sound_department	nm2566543
tt1558246	sound_department	nm2015085
tt1558246	sound_department	nm0178721
tt1558246	sound_department	nm4215615
tt1558246	sound_department	nm2408011
tt1558246	stunts	nm0694706
tt1558246	camera_department	nm1991958
tt1558246	camera_department	nm4121423
tt1558246	camera_department	nm0230134
tt1558246	camera_department	nm1986948
tt1558246	camera_department	nm1974993
tt1558246	casting_department	nm1075657
tt1558246	costume_departmen	nm3500275
tt1558246	location_management	nm1548603
tt1558246	location_management	nm4180098
tt1558246	script_department	nm0922056
tt1558246	transportation_department	nm4143128
tt1558246	production_companies	co0179258
tt1558247	cast	nm1074204
tt1558247	cast	nm1737392
tt1558247	cast	nm2598949
tt1558247	cast	nm0550019
tt1558247	cast	nm1792900
tt1558247	directors	nm2788369
tt1558247	writers	nm2788369
tt1558247	producers	nm0550019
tt1558247	producers	nm1290481
tt1558247	producers	nm1575988
tt1558247	producers	nm2788369
tt1558247	producers	nm2733009
tt1558247	cinematographers	nm2287836
tt1558247	editors	nm0169489
tt1558247	production_designers	nm1240544
tt1558247	costume_designers	nm3703838
tt1558247	make_up_department	nm1842655
tt1558247	make_up_department	nm2672794
tt1558247	assistant_directors	nm2584531
tt1558247	assistant_directors	nm2004794
tt1558247	assistant_directors	nm2057617
tt1558247	art_department	nm2790070
tt1558247	art_department	nm3988479
tt1558247	art_department	nm3997564
tt1558247	sound_department	nm2910799
tt1558247	sound_department	nm3744417
tt1558247	sound_department	nm0814892
tt1558247	special_effects	nm2790070
tt1558247	visual_effects	nm2733182
tt1558247	camera_department	nm2025354
tt1558247	camera_department	nm3635029
tt1558247	camera_department	nm1585284
tt1558247	camera_department	nm2883941
tt1558247	camera_department	nm3988515
tt1558247	costume_departmen	nm3743138
tt1558247	music_department	nm2788369
tt1558247	script_department	nm3743664
tt1558247	production_companies	co0329374
tt1558247	production_companies	co0278800
tt1558248	cast	nm0007814
tt1558248	directors	nm1981788
tt1558248	writers	nm1981788
tt1558248	producers	nm1981788
tt1558248	producers	nm1481572
tt1558248	composers	nm3022040
tt1558248	cinematographers	nm9460621
tt1558248	editors	nm0495871
tt1558248	editors	nm0490808
tt1558248	sound_department	nm1329606
tt1558248	production_companies	co0069736
tt1558249	cast	nm0953259
tt1558249	cast	nm0050156
tt1558249	cast	nm0004949
tt1558249	cast	nm1272826
tt1558249	cast	nm1544655
tt1558249	directors	nm0050156
tt1558249	directors	nm0377898
tt1558249	directors	nm2547869
tt1558249	directors	nm1690981
tt1558249	directors	nm1868841
tt1558249	writers	nm1689712
tt1558249	writers	nm1689712
tt1558249	writers	nm0377898
tt1558249	producers	nm3763956
tt1558249	producers	nm1359337
tt1558249	producers	nm0253312
tt1558249	producers	nm1689712
tt1558249	producers	nm0281234
tt1558249	composers	nm1178434
tt1558249	composers	nm0000384
tt1558249	cinematographers	nm2744426
tt1558249	cinematographers	nm2750802
tt1558249	cinematographers	nm1162718
tt1558249	cinematographers	nm3319563
tt1558249	cinematographers	nm3276759
tt1558249	editors	nm1582247
tt1558249	editors	nm3077549
tt1558249	editors	nm3869621
tt1558249	editors	nm2547869
tt1558249	editors	nm3744910
tt1558249	art_directors	nm3717078
tt1558249	make_up_department	nm2436678
tt1558249	make_up_department	nm3026103
tt1558249	make_up_department	nm3892031
tt1558249	make_up_department	nm1343560
tt1558249	make_up_department	nm2592820
tt1558249	production_managers	nm0281234
tt1558249	assistant_directors	nm3662597
tt1558249	art_department	nm2654213
tt1558249	art_department	nm3662597
tt1558249	art_department	nm3090942
tt1558249	art_department	nm3728930
tt1558249	art_department	nm2377880
tt1558249	sound_department	nm1243354
tt1558249	sound_department	nm2240282
tt1558249	sound_department	nm0972337
tt1558249	camera_department	nm3956873
tt1558249	camera_department	nm2199627
tt1558249	camera_department	nm3658528
tt1558249	camera_department	nm1012864
tt1558249	camera_department	nm2902827
tt1558249	music_department	nm1178434
tt1558249	music_department	nm0000384
tt1558249	music_department	nm1825421
tt1558249	music_department	nm1550667
tt1558249	music_department	nm3883016
tt1558249	script_department	nm1636907
tt1558249	production_companies	co0310139
tt1558249	distributors	co0220024
tt1558249	distributors	co0002663
tt1558250	cast	nm1068198
tt1558250	cast	nm0155515
tt1558250	cast	nm0781517
tt1558250	cast	nm0633271
tt1558250	cast	nm4003919
tt1558250	directors	nm1068198
tt1558250	writers	nm1068198
tt1558250	producers	nm0012267
tt1558250	producers	nm1068198
tt1558250	producers	nm3637067
tt1558250	producers	nm4052766
tt1558250	producers	nm2837471
tt1558250	editors	nm1887803
tt1558250	editorial_department	nm3529735
tt1558250	editorial_department	nm4051533
tt1558250	editorial_department	nm1053183
tt1558250	editorial_department	nm0354561
tt1558250	editorial_department	nm3965573
tt1558250	production_managers	nm3786034
tt1558250	production_managers	nm1984885
tt1558250	sound_department	nm1717240
tt1558250	sound_department	nm2567570
tt1558250	sound_department	nm3764688
tt1558250	sound_department	nm3743796
tt1558250	sound_department	nm1497128
tt1558250	visual_effects	nm3010957
tt1558250	visual_effects	nm3010419
tt1558250	camera_department	nm1068198
tt1558250	camera_department	nm3637067
tt1558250	camera_department	nm0404655
tt1558250	camera_department	nm4054213
tt1558250	camera_department	nm2837471
tt1558250	music_department	nm0414650
tt1558250	music_department	nm4054080
tt1558250	production_companies	co0233775
tt1558250	production_companies	co0139821
tt1558250	distributors	co0008693
tt1558250	distributors	co0061162
tt1558250	distributors	co0298981
tt1558250	distributors	co0075477
tt1558250	distributors	co0268484
tt1558252	directors	nm1134094
tt1558252	producers	nm4185674
tt1558252	producers	nm1660352
tt1558252	producers	nm0262619
tt1558252	producers	nm1936918
tt1558252	producers	nm2097633
tt1558252	composers	nm2018599
tt1558252	composers	nm0924766
tt1558252	cinematographers	nm5024782
tt1558252	editors	nm2730864
tt1558252	editorial_department	nm3002117
tt1558252	editorial_department	nm1616111
tt1558252	editorial_department	nm1858485
tt1558252	sound_department	nm3696597
tt1558252	sound_department	nm3798850
tt1558252	sound_department	nm2417202
tt1558252	production_companies	co0268472
tt1558252	production_companies	co0127757
tt1558252	production_companies	co0315755
tt1558252	production_companies	co0219564
tt1558255	cast	nm3718872
tt1558255	cast	nm4842928
tt1558255	cast	nm3716399
tt1558255	cast	nm3806178
tt1558255	cast	nm3716918
tt1558255	directors	nm2374262
tt1558255	writers	nm2374262
tt1558255	producers	nm2374262
tt1558255	composers	nm2374262
tt1558255	cinematographers	nm2374262
tt1558255	editors	nm2374262
tt1558255	music_department	nm6551930
tt1558255	music_department	nm6551931
tt1558255	music_department	nm2374262
tt1558255	production_companies	co0187679
tt1558255	distributors	co0187679
tt1558256	cast	nm0675036
tt1558256	cast	nm0461679
tt1558256	cast	nm0939836
tt1558256	cast	nm0201291
tt1558256	cast	nm1053966
tt1558256	directors	nm3709213
tt1558256	writers	nm3713972
tt1558256	producers	nm3739945
tt1558256	producers	nm3709213
tt1558256	producers	nm1448574
tt1558256	producers	nm0567307
tt1558256	producers	nm0675036
tt1558256	composers	nm0282342
tt1558256	cinematographers	nm3709213
tt1558256	editors	nm0282342
tt1558256	editors	nm3709213
tt1558256	make_up_department	nm3709563
tt1558256	production_managers	nm3719223
tt1558256	assistant_directors	nm2474486
tt1558256	assistant_directors	nm2714463
tt1558256	art_department	nm3400692
tt1558256	sound_department	nm0282342
tt1558256	sound_department	nm3251985
tt1558256	visual_effects	nm3400692
tt1558256	camera_department	nm3728838
tt1558256	camera_department	nm3057122
tt1558256	camera_department	nm3731149
tt1558256	camera_department	nm3641328
tt1558256	camera_department	nm1038513
tt1558256	transportation_department	nm3715654
tt1558256	production_companies	co0010240
tt1558256	production_companies	co0318202
tt1558256	production_companies	co0291138
tt1558256	production_companies	co0291213
tt1558256	distributors	co0005266
tt1558256	distributors	co0358461
tt1558256	distributors	co0281544
tt1558256	distributors	co0251800
tt1558258	cast	nm0488493
tt1558258	cast	nm0237911
tt1558258	cast	nm0859921
tt1558258	cast	nm0000448
tt1558258	cast	nm0793634
tt1558258	directors	nm1072805
tt1558258	writers	nm1072805
tt1558258	writers	nm3709207
tt1558258	writers	nm0523180
tt1558258	producers	nm2952953
tt1558258	make_up_department	nm3825674
tt1558258	make_up_department	nm1908914
tt1558258	assistant_directors	nm2140862
tt1558258	assistant_directors	nm3734772
tt1558258	assistant_directors	nm2948816
tt1558258	camera_department	nm2783003
tt1558258	camera_department	nm3168992
tt1558258	camera_department	nm3140395
tt1558258	camera_department	nm3063598
tt1558258	camera_department	nm3439317
tt1558258	script_department	nm3646036
tt1558258	production_companies	co0290625
tt1558259	cast	nm1428690
tt1558259	cast	nm3195983
tt1558259	cast	nm0198369
tt1558259	cast	nm2134362
tt1558259	cast	nm0606885
tt1558259	directors	nm3440769
tt1558259	writers	nm3440769
tt1558259	writers	nm3440769
tt1558259	writers	nm3440769
tt1558259	producers	nm6236295
tt1558259	producers	nm3440769
tt1558259	producers	nm3440202
tt1558259	producers	nm4240414
tt1558259	composers	nm2445621
tt1558259	cinematographers	nm3128465
tt1558259	editors	nm3440769
tt1558259	editorial_department	nm6577908
tt1558259	production_designers	nm0703243
tt1558259	make_up_department	nm1831807
tt1558259	production_managers	nm3440202
tt1558259	art_department	nm4728890
tt1558259	sound_department	nm3921287
tt1558259	sound_department	nm4249699
tt1558259	sound_department	nm3695694
tt1558259	sound_department	nm6908844
tt1558259	visual_effects	nm2313081
tt1558259	visual_effects	nm6059309
tt1558259	stunts	nm2134362
tt1558259	camera_department	nm6245921
tt1558259	camera_department	nm8307808
tt1558259	camera_department	nm1076494
tt1558259	camera_department	nm8307809
tt1558259	camera_department	nm7470831
tt1558259	music_department	nm4714921
tt1558259	music_department	nm5477188
tt1558259	music_department	nm6644363
tt1558259	music_department	nm3241487
tt1558259	production_companies	co0293469
tt1558259	distributors	co0034057
tt1558261	cast	nm0001019
tt1558261	cast	nm0193510
tt1558261	cast	nm0301178
tt1558261	cast	nm0000599
tt1558261	cast	nm2399449
tt1558261	producers	nm3179319
tt1558261	producers	nm2399449
tt1558261	cinematographers	nm3179319
tt1558261	editors	nm3179319
tt1558261	camera_department	nm2399449
tt1558261	music_department	nm2399449
tt15582660	cast	nm13011108
tt15582660	cast	nm13011195
tt15582660	cast	nm13011193
tt15582660	directors	nm6422900
tt15582660	producers	nm6422900
tt15582660	distributors	co0489696
tt15583110	cast	nm13011218
tt15583110	cast	nm12603251
tt15583110	cast	nm13011215
tt15583110	cast	nm13011216
tt15583110	cast	nm13011221
tt15583110	directors	nm7161195
tt15583110	writers	nm7161195
tt15583110	producers	nm7161195
tt15583110	producers	nm13011227
tt15583110	composers	nm8434887
tt15583110	cinematographers	nm6126556
tt15583110	editors	nm13011228
tt15583110	make_up_department	nm9232851
tt15583110	sound_department	nm13011229
tt15583110	camera_department	nm6201256
tt15583110	production_companies	co0884901
tt15583246	cast	nm13032113
tt15583246	cast	nm13032114
tt15583246	cast	nm13032115
tt15583246	cast	nm13032116
tt15583246	cast	nm13032117
tt15583246	directors	nm0778668
tt15583246	writers	nm13032128
tt15583246	writers	nm0778668
tt15583246	producers	nm13032128
tt15583246	producers	nm0778668
tt15583246	composers	nm13032126
tt15583246	cinematographers	nm0889951
tt15583246	editors	nm5340992
tt15583246	editorial_department	nm5340992
tt15583246	editorial_department	nm13032127
tt15583246	sound_department	nm9943845
tt15583246	sound_department	nm9946683
tt15583246	sound_department	nm2522512
tt15583246	sound_department	nm0935814
tt15583246	camera_department	nm9929307
tt15583246	camera_department	nm4717340
tt15583246	camera_department	nm9943845
tt15583246	camera_department	nm8148443
tt15583246	camera_department	nm9946680
tt15583246	distributors	co0668124
tt15583336	cast	nm0721270
tt15583336	cast	nm1348324
tt15583336	cast	nm13011253
tt15583336	cast	nm0751834
tt15583336	cast	nm1045203
tt15583336	directors	nm0549838
tt15583336	writers	nm0549838
tt15583336	composers	nm1046041
tt15583336	cinematographers	nm1326782
tt15583336	assistant_directors	nm4408133
tt15583336	production_companies	co0095859
tt15583336	production_companies	co0884904
tt15583714	cast	nm10215765
tt15583714	directors	nm1326380
tt15583714	directors	nm1284308
tt15583714	writers	nm1326380
tt15583714	writers	nm1284308
tt15583714	producers	nm0473983
tt15583714	composers	nm0435137
tt15583714	composers	nm1900651
tt15583714	cinematographers	nm0270695
tt15583714	cinematographers	nm0726123
tt15583714	editors	nm0264628
tt15583714	production_managers	nm10558485
tt15583714	sound_department	nm1107702
tt15583714	visual_effects	nm2218032
tt15583714	production_companies	co0232550
tt15583714	production_companies	co0078814
tt15583714	production_companies	co0452163
tt15583714	production_companies	co0051615
tt15583714	distributors	co0086120
tt15584124	cast	nm13033013
tt15584124	cast	nm13033010
tt15584124	cast	nm1907725
tt15584124	cast	nm13033009
tt15584124	cast	nm9223003
tt15584124	directors	nm0778668
tt15584124	writers	nm0778668
tt15584124	producers	nm7822597
tt15584124	producers	nm0778668
tt15584124	composers	nm13033014
tt15584124	cinematographers	nm0889951
tt15584124	cinematographers	nm2522512
tt15584124	editors	nm5340992
tt15584124	editors	nm7822597
tt15584124	editorial_department	nm2522512
tt15584124	sound_department	nm2522512
tt15584124	distributors	co0668124
tt15585058	directors	nm3157162
tt15585058	writers	nm3157162
tt15585058	producers	nm13011322
tt15585058	producers	nm13011323
tt15585058	cinematographers	nm1762380
tt15585058	editors	nm12341338
tt15585058	production_companies	co0870133
tt15585058	distributors	co0870133
tt15585344	cast	nm4866179
tt15585344	cast	nm0200381
tt15585344	cast	nm3351860
tt15585344	cast	nm13011346
tt15585344	cast	nm11157233
tt15585344	directors	nm9289854
tt15585344	writers	nm13011344
tt15585344	writers	nm9289854
tt15585344	producers	nm13011349
tt15585344	producers	nm7753304
tt15585344	composers	nm13011344
tt15585344	cinematographers	nm13011350
tt15585344	editors	nm13011351
tt15585344	production_companies	co0690678
tt1558578	cast	nm0004569
tt1558578	cast	nm0451234
tt1558578	cast	nm2144007
tt1558578	cast	nm0004109
tt1558578	cast	nm0482232
tt1558578	directors	nm1200832
tt1558578	writers	nm1209132
tt1558578	writers	nm1318670
tt1558578	writers	nm1977727
tt1558578	producers	nm4359640
tt1558578	producers	nm0538665
tt1558578	producers	nm4359772
tt1558578	producers	nm4359593
tt1558578	producers	nm11799025
tt1558578	composers	nm3090094
tt1558578	composers	nm3760517
tt1558578	composers	nm1552593
tt1558578	cinematographers	nm0836991
tt1558578	editors	nm1154600
tt1558578	editors	nm1364107
tt1558578	editorial_department	nm5073042
tt1558578	casting_directors	nm4045010
tt1558578	art_directors	nm6173662
tt1558578	costume_designers	nm4441665
tt1558578	make_up_department	nm1258488
tt1558578	make_up_department	nm1864807
tt1558578	production_managers	nm5888492
tt1558578	assistant_directors	nm3412521
tt1558578	assistant_directors	nm2052121
tt1558578	assistant_directors	nm1300171
tt1558578	assistant_directors	nm3832790
tt1558578	assistant_directors	nm3832569
tt1558578	art_department	nm2769533
tt1558578	art_department	nm2769368
tt1558578	art_department	nm4134435
tt1558578	art_department	nm1321853
tt1558578	art_department	nm8279599
tt1558578	sound_department	nm0068915
tt1558578	sound_department	nm3258340
tt1558578	sound_department	nm1251585
tt1558578	sound_department	nm5114814
tt1558578	sound_department	nm5610372
tt1558578	visual_effects	nm3831998
tt1558578	visual_effects	nm4797693
tt1558578	visual_effects	nm3879016
tt1558578	visual_effects	nm4818429
tt1558578	visual_effects	nm5020882
tt1558578	stunts	nm1438275
tt1558578	camera_department	nm12843780
tt1558578	camera_department	nm4936865
tt1558578	camera_department	nm6017990
tt1558578	music_department	nm0019389
tt1558578	music_department	nm6268333
tt1558578	music_department	nm0154298
tt1558578	music_department	nm1318670
tt1558578	music_department	nm4464867
tt1558578	script_department	nm2493336
tt1558578	production_companies	co0331978
tt1558578	production_companies	co0340101
tt1558579	cast	nm2163511
tt1558579	cast	nm2632418
tt1558579	cast	nm2866053
tt1558579	cast	nm3714844
tt1558579	cast	nm2554232
tt1558579	directors	nm0838564
tt1558579	writers	nm0838564
tt1558579	producers	nm3727056
tt1558579	producers	nm1370417
tt1558579	producers	nm0444011
tt1558579	producers	nm3713574
tt1558579	producers	nm0838564
tt1558579	composers	nm2555510
tt1558579	cinematographers	nm2809227
tt1558579	editors	nm0819088
tt1558579	editorial_department	nm3714851
tt1558579	editorial_department	nm5488148
tt1558579	editorial_department	nm8329145
tt1558579	editorial_department	nm3714114
tt1558579	editorial_department	nm2881924
tt1558579	casting_directors	nm1370417
tt1558579	art_directors	nm2238979
tt1558579	set_decorators	nm3713323
tt1558579	costume_designers	nm2427317
tt1558579	make_up_department	nm1740444
tt1558579	make_up_department	nm3289578
tt1558579	production_managers	nm3713298
tt1558579	production_managers	nm0948028
tt1558579	assistant_directors	nm3176387
tt1558579	assistant_directors	nm2927100
tt1558579	art_department	nm2238979
tt1558579	art_department	nm3713323
tt1558579	sound_department	nm1285936
tt1558579	sound_department	nm3625069
tt1558579	sound_department	nm3911644
tt1558579	sound_department	nm3361093
tt1558579	sound_department	nm0546881
tt1558579	visual_effects	nm1849891
tt1558579	visual_effects	nm3838442
tt1558579	stunts	nm3714966
tt1558579	stunts	nm3715409
tt1558579	stunts	nm2467997
tt1558579	camera_department	nm2471666
tt1558579	camera_department	nm3182977
tt1558579	camera_department	nm1854809
tt1558579	camera_department	nm0444011
tt1558579	camera_department	nm3353175
tt1558579	casting_department	nm2554232
tt1558579	costume_departmen	nm2554232
tt1558579	costume_departmen	nm2595305
tt1558579	costume_departmen	nm3650361
tt1558579	costume_departmen	nm3161888
tt1558579	music_department	nm3047373
tt1558579	music_department	nm2177960
tt1558579	script_department	nm3375185
tt1558579	production_companies	co0107094
tt1558579	distributors	co0547069
tt1558579	distributors	co0107094
tt15585888	cast	nm10915667
tt15585888	cast	nm13018084
tt15585888	cast	nm2126765
tt15585888	cast	nm11569972
tt15585888	cast	nm13054425
tt15585888	directors	nm2126765
tt15585888	producers	nm13018084
tt15585888	composers	nm13054429
tt15585888	editors	nm1054933
tt15585888	production_managers	nm2476246
tt15585888	sound_department	nm1009797
tt15585888	sound_department	nm5344980
tt15585888	sound_department	nm0963293
tt15585888	visual_effects	nm4426661
tt15585888	production_companies	co0884914
tt15585930	writers	nm9520087
tt15585930	writers	nm3241039
tt15585930	production_companies	co0736300
tt15586300	cast	nm13015720
tt15586300	cast	nm4438771
tt15586300	cast	nm4381475
tt15586300	directors	nm13011402
tt15586300	directors	nm13011403
tt15586300	writers	nm13011402
tt15586300	writers	nm13011403
tt15586300	producers	nm1943320
tt15586300	producers	nm3831396
tt15586300	cinematographers	nm13011402
tt15586300	editors	nm0115658
tt15586300	editorial_department	nm5206671
tt15586300	production_managers	nm13035669
tt15586300	sound_department	nm7878937
tt15586300	sound_department	nm3809496
tt15586300	sound_department	nm7964003
tt15586300	sound_department	nm4688059
tt15586300	production_companies	co0734901
tt15586300	production_companies	co0397231
tt15586300	distributors	co0040937
tt15587126	cast	nm3641180
tt15587126	cast	nm6000376
tt15587126	cast	nm5708841
tt15587126	cast	nm2440627
tt15587126	cast	nm3315713
tt15587126	directors	nm0423259
tt15587126	production_companies	co0028281
tt1558725	directors	nm3372316
tt1558725	writers	nm3372316
tt1558725	producers	nm3372316
tt1558725	composers	nm3339833
tt1558725	cinematographers	nm3372316
tt1558725	editors	nm3372316
tt1558725	sound_department	nm3372316
tt1558725	production_companies	co0289372
tt1558727	cast	nm0846164
tt1558727	cast	nm0620073
tt1558727	cast	nm0393360
tt1558727	cast	nm0993292
tt1558727	cast	nm0767976
tt1558727	directors	nm0613498
tt1558727	writers	nm0794221
tt1558727	writers	nm0441554
tt1558727	producers	nm0411734
tt1558727	producers	nm0475907
tt1558727	composers	nm3738352
tt1558727	cinematographers	nm0635357
tt1558727	editors	nm0849045
tt1558727	art_directors	nm3270639
tt1558727	assistant_directors	nm0361699
tt1558727	sound_department	nm3737759
tt1558727	stunts	nm3738060
tt1558727	camera_department	nm1043657
tt1558727	production_companies	co0073744
tt1558727	production_companies	co0032601
tt1558727	distributors	co0053157
tt1558727	distributors	co0058338
tt1558741	cast	nm0115730
tt1558741	cast	nm0252979
tt1558741	cast	nm0253018
tt1558741	cast	nm0136001
tt1558741	cast	nm0216469
tt1558741	directors	nm0002178
tt1558741	writers	nm0039903
tt1558741	writers	nm0002178
tt1558741	writers	nm0756696
tt1558741	producers	nm0002178
tt1558741	producers	nm1122417
tt1558741	producers	nm0702466
tt1558741	producers	nm0702467
tt1558741	producers	nm2910740
tt1558741	composers	nm0023940
tt1558741	cinematographers	nm0377836
tt1558741	editors	nm0211721
tt1558741	editorial_department	nm4128827
tt1558741	editorial_department	nm1720975
tt1558741	editorial_department	nm2675272
tt1558741	casting_directors	nm0071170
tt1558741	set_decorators	nm0251130
tt1558741	costume_designers	nm0266514
tt1558741	costume_designers	nm0333460
tt1558741	make_up_department	nm5653167
tt1558741	make_up_department	nm1213050
tt1558741	make_up_department	nm2320340
tt1558741	production_managers	nm3477998
tt1558741	production_managers	nm3943685
tt1558741	production_managers	nm1583139
tt1558741	production_managers	nm6119502
tt1558741	production_managers	nm1651612
tt1558741	assistant_directors	nm2668716
tt1558741	assistant_directors	nm0180444
tt1558741	assistant_directors	nm4506915
tt1558741	assistant_directors	nm2365749
tt1558741	art_department	nm2720074
tt1558741	art_department	nm1073488
tt1558741	sound_department	nm2112243
tt1558741	sound_department	nm0041789
tt1558741	sound_department	nm2029386
tt1558741	sound_department	nm3773420
tt1558741	sound_department	nm0503281
tt1558741	special_effects	co0166623
tt1558741	visual_effects	nm2217063
tt1558741	visual_effects	nm2434098
tt1558741	visual_effects	nm3463341
tt1558741	visual_effects	nm2772213
tt1558741	visual_effects	nm2043068
tt1558741	stunts	nm3767597
tt1558741	stunts	nm0288210
tt1558741	stunts	nm1207057
tt1558741	stunts	nm2430842
tt1558741	stunts	nm0755736
tt1558741	camera_department	nm3365648
tt1558741	camera_department	nm1271257
tt1558741	camera_department	nm3010395
tt1558741	camera_department	nm2422646
tt1558741	camera_department	nm1938597
tt1558741	casting_department	nm0074323
tt1558741	casting_department	nm0521615
tt1558741	casting_department	nm0584882
tt1558741	costume_departmen	nm7513352
tt1558741	costume_departmen	nm0064376
tt1558741	costume_departmen	nm0333460
tt1558741	location_management	nm3030689
tt1558741	location_management	nm0251128
tt1558741	location_management	nm1651612
tt1558741	location_management	nm0666900
tt1558741	music_department	nm3102398
tt1558741	music_department	nm1238074
tt1558741	music_department	nm3430959
tt1558741	music_department	nm3409271
tt1558741	music_department	nm3845025
tt1558741	script_department	nm2400167
tt1558741	script_department	nm0146018
tt1558741	production_companies	co0068321
tt1558741	production_companies	co0275476
tt1558741	production_companies	co0050869
tt1558741	production_companies	co0056755
tt1558741	production_companies	co0296351
tt1558741	distributors	co0050869
tt1558749	directors	nm0673180
tt1558749	writers	nm0673180
tt1558753	directors	nm0268801
tt1558759	directors	nm2601602
tt1558759	producers	nm0173774
tt1558759	production_companies	co0087553
tt1558759	distributors	co0087553
tt1558766	production_companies	co0198892
tt1558766	distributors	co0198892
tt1558769	producers	nm0173774
tt1558769	production_companies	co0087553
tt1558769	distributors	co0087553
tt15587700	directors	nm2485639
tt15587700	producers	nm2485639
tt15587700	cinematographers	nm4333338
tt15587700	editors	nm4333338
tt1558771	cast	nm0139711
tt1558771	cast	nm1246818
tt1558771	directors	nm0013009
tt1558771	writers	nm0013009
tt1558771	producers	nm0719908
tt1558771	composers	nm0660199
tt1558771	cinematographers	nm1118922
tt1558771	editors	nm1964765
tt1558771	art_department	nm2974410
tt1558771	production_companies	co0290928
tt1558771	production_companies	co0042307
tt1558771	production_companies	co0059234
tt1558772	cast	nm0000766
tt1558772	directors	nm2791176
tt1558772	producers	nm2791176
tt1558772	cinematographers	nm2791176
tt1558772	editors	nm0267394
tt1558772	editors	nm2791176
tt1558772	sound_department	nm3713446
tt1558772	sound_department	nm2886170
tt1558774	producers	nm0173774
tt1558774	production_companies	co0087553
tt1558774	distributors	co0087553
tt1558780	cast	nm3789537
tt1558780	cast	nm3737157
tt1558780	cast	nm3738190
tt1558780	cast	nm0586983
tt1558780	cast	nm3737870
tt1558780	directors	nm3647274
tt1558780	directors	nm3736844
tt1558780	writers	nm3647274
tt1558780	writers	nm3736844
tt1558780	producers	nm3420810
tt1558780	composers	nm3159032
tt1558780	cinematographers	nm3647274
tt1558780	editors	nm1083634
tt1558780	sound_department	nm0836529
tt1558780	camera_department	nm0271718
tt1558780	camera_department	nm3712440
tt1558780	camera_department	nm2402498
tt1558780	script_department	nm4169155
tt1558780	production_companies	co0215309
tt1558780	distributors	co0256090
tt1558781	cast	nm1915547
tt1558781	directors	nm0505284
tt1558781	writers	nm0505284
tt1558781	producers	nm3736434
tt1558781	composers	nm3736970
tt1558781	cinematographers	nm1387658
tt1558781	editors	nm1251667
tt1558781	set_decorators	nm12434015
tt1558781	costume_designers	nm12434015
tt1558781	sound_department	nm3737755
tt1558787	cast	nm12433685
tt1558787	directors	nm2968894
tt1558787	writers	nm2968894
tt1558787	producers	nm2968894
tt1558787	cinematographers	nm1094957
tt1558787	cinematographers	nm2968894
tt1558787	cinematographers	nm2888279
tt1558787	cinematographers	nm2504921
tt1558787	editors	nm1876127
tt1558787	production_companies	co0290934
tt1558790	directors	nm0209738
tt1558790	production_companies	co0152296
tt1558790	distributors	co0152296
tt1558792	directors	nm1513152
tt1558792	production_companies	co0102495
tt1558792	distributors	co0102495
tt1558794	directors	nm0208173
tt1558794	production_companies	co0198892
tt1558794	distributors	co0198892
tt1558802	cast	nm3736600
tt1558802	cast	nm3737354
tt1558802	cast	nm3712450
tt1558802	cast	nm3737431
tt1558802	cast	nm3737699
tt1558802	directors	nm2057304
tt1558802	writers	nm2057304
tt1558802	producers	nm2057304
tt1558802	producers	nm3465984
tt1558802	producers	nm0873534
tt1558802	composers	nm0300600
tt1558802	cinematographers	nm2057304
tt1558802	editors	nm0957301
tt1558802	editorial_department	nm1804604
tt1558802	sound_department	nm3630698
tt1558802	sound_department	nm3737173
tt1558802	sound_department	nm3737670
tt1558802	visual_effects	nm2613679
tt1558802	visual_effects	nm3618639
tt1558802	camera_department	nm2057304
tt1558802	camera_department	nm3737035
tt1558802	camera_department	nm3737670
tt1558802	camera_department	nm3738071
tt1558802	production_companies	co0290947
tt1558802	production_companies	co0078814
tt1558802	distributors	co0290947
tt15588174	cast	nm12559389
tt15588174	cast	nm13011554
tt15588174	cast	nm13011547
tt15588174	cast	nm8958901
tt15588174	cast	nm13011558
tt15588174	directors	nm6461704
tt15588174	writers	nm12389803
tt15588174	producers	nm6461702
tt15588174	producers	nm6461704
tt15588174	producers	nm2594402
tt15588174	cinematographers	nm13011564
tt15588174	editors	nm13011562
tt15588174	make_up_department	nm13011571
tt15588174	make_up_department	nm8958909
tt15588174	production_managers	nm13011559
tt15588174	art_department	nm13011566
tt15588174	art_department	nm8958910
tt15588174	sound_department	nm6167033
tt15588174	sound_department	nm13011572
tt15588174	camera_department	nm13011548
tt15588174	camera_department	nm13011556
tt15588174	camera_department	nm13011567
tt15588174	camera_department	nm13011568
tt15588174	costume_departmen	nm13011570
tt15588174	costume_departmen	nm13011569
tt15588174	production_companies	co0640735
tt15588174	production_companies	co0639278
tt1558827	cast	nm3535709
tt1558827	cast	nm1755945
tt1558827	cast	nm0000138
tt1558827	cast	nm0000378
tt1558827	cast	nm3246396
tt1558827	directors	nm1755945
tt1558827	writers	nm1755945
tt1558827	producers	nm1755945
tt1558827	composers	nm1755945
tt1558827	cinematographers	nm1755945
tt1558827	cinematographers	nm3246396
tt1558827	editors	nm1755945
tt1558827	production_companies	co0218916
tt1558832	cast	nm0885406
tt1558832	directors	nm0229033
tt1558832	writers	nm0229033
tt1558832	cinematographers	nm2562523
tt1558832	editors	nm1743835
tt1558832	production_companies	co0008374
tt1558837	cast	nm0284724
tt1558837	cast	nm0653435
tt1558837	cast	nm0513304
tt1558837	cast	nm3446214
tt1558837	cast	nm1454833
tt1558837	directors	nm0407739
tt1558837	writers	nm0407739
tt1558837	producers	nm0407739
tt1558837	composers	nm0477463
tt1558837	cinematographers	nm1181653
tt1558837	cinematographers	nm0806630
tt1558837	editors	nm0946195
tt1558837	set_decorators	nm2911081
tt1558837	costume_designers	nm2911081
tt1558837	sound_department	nm0457804
tt1558837	camera_department	nm2824092
tt1558837	production_companies	co0042307
tt1558856	cast	nm2163092
tt1558856	cast	nm2802122
tt1558856	cast	nm1508622
tt1558856	cast	nm3495129
tt1558856	cast	nm2459187
tt1558856	directors	nm1502159
tt1558856	writers	nm1359981
tt1558856	writers	nm1361160
tt1558856	producers	nm0304685
tt1558856	producers	nm0439708
tt1558856	producers	nm0880636
tt1558856	composers	nm3712375
tt1558856	cinematographers	nm0419297
tt1558856	editors	nm0352013
tt1558856	editorial_department	nm3912105
tt1558856	editorial_department	nm2222183
tt1558856	editorial_department	nm2419174
tt1558856	casting_directors	nm1890744
tt1558856	production_designers	nm2177235
tt1558856	costume_designers	nm0105828
tt1558856	make_up_department	nm0325612
tt1558856	make_up_department	nm0630692
tt1558856	make_up_department	nm0500490
tt1558856	make_up_department	nm2555619
tt1558856	production_managers	nm1006145
tt1558856	production_managers	nm3837140
tt1558856	assistant_directors	nm2253121
tt1558856	assistant_directors	nm2631010
tt1558856	art_department	nm1562869
tt1558856	art_department	nm2413377
tt1558856	art_department	nm2408788
tt1558856	art_department	nm4672422
tt1558856	art_department	nm2119236
tt1558856	sound_department	nm4506652
tt1558856	sound_department	nm1669563
tt1558856	sound_department	nm2453100
tt1558856	sound_department	nm0127063
tt1558856	sound_department	nm0127347
tt1558856	special_effects	co0235204
tt1558856	visual_effects	nm2884425
tt1558856	visual_effects	nm3369965
tt1558856	visual_effects	nm0912306
tt1558856	stunts	nm1072593
tt1558856	camera_department	nm0025700
tt1558856	camera_department	nm2586867
tt1558856	camera_department	nm5349965
tt1558856	camera_department	nm4230450
tt1558856	camera_department	nm0003611
tt1558856	costume_departmen	nm1428590
tt1558856	costume_departmen	nm2443595
tt1558856	costume_departmen	nm2968024
tt1558856	costume_departmen	nm2432558
tt1558856	costume_departmen	nm1143101
tt1558856	location_management	nm2750666
tt1558856	music_department	nm2186869
tt1558856	music_department	nm1822860
tt1558856	music_department	nm0521902
tt1558856	music_department	nm1361160
tt1558856	script_department	nm0560382
tt1558856	transportation_department	nm1266670
tt1558856	transportation_department	nm5255863
tt1558856	transportation_department	nm1630865
tt1558856	production_companies	co0045248
tt1558856	distributors	co0226183
tt1558862	directors	nm2962612
tt1558862	writers	nm2962612
tt1558862	producers	nm2962612
tt1558862	composers	nm2963253
tt1558862	cinematographers	nm1743693
tt1558862	editors	nm0857467
tt1558862	sound_department	nm1400875
tt1558862	production_companies	co0047683
tt1558862	production_companies	co0290955
tt1558873	cast	nm3712664
tt1558873	cast	nm0157384
tt1558873	cast	nm0324828
tt1558873	cast	nm7014801
tt1558873	cast	nm1553026
tt1558873	directors	nm0767992
tt1558873	writers	nm0441543
tt1558873	producers	nm0950779
tt1558873	composers	nm0467564
tt1558873	cinematographers	nm3718037
tt1558873	editors	nm0840547
tt1558873	art_directors	nm0865792
tt1558873	assistant_directors	nm1834999
tt1558873	production_companies	co0022792
tt1558873	distributors	co0022792
tt1558873	distributors	co0204300
tt1558877	cast	nm1085525
tt1558877	cast	nm1300254
tt1558877	cast	nm0849789
tt1558877	cast	nm1698608
tt1558877	cast	nm1832283
tt1558877	directors	nm1533201
tt1558877	directors	nm1613185
tt1558877	writers	nm1085525
tt1558877	producers	nm3738135
tt1558877	composers	nm0960231
tt1558877	cinematographers	nm1780337
tt1558877	editors	nm2339418
tt1558877	editorial_department	nm2339418
tt1558877	editorial_department	nm4535192
tt1558877	casting_directors	nm4597027
tt1558877	casting_directors	nm4597039
tt1558877	production_designers	nm4095605
tt1558877	art_directors	nm1599591
tt1558877	make_up_department	nm10263983
tt1558877	assistant_directors	nm3155993
tt1558877	assistant_directors	nm3193272
tt1558877	assistant_directors	nm2375975
tt1558877	art_department	nm9091052
tt1558877	art_department	nm4456242
tt1558877	art_department	nm11409620
tt1558877	sound_department	nm2978896
tt1558877	sound_department	nm3074900
tt1558877	sound_department	nm2076047
tt1558877	sound_department	nm4192786
tt1558877	sound_department	nm0319374
tt1558877	special_effects	co0173246
tt1558877	visual_effects	nm2238136
tt1558877	visual_effects	nm3026349
tt1558877	visual_effects	nm3026330
tt1558877	visual_effects	nm4567708
tt1558877	visual_effects	nm6179004
tt1558877	stunts	nm6013020
tt1558877	camera_department	nm11409628
tt1558877	camera_department	nm7089773
tt1558877	camera_department	nm3218846
tt1558877	camera_department	nm11409621
tt1558877	camera_department	nm5548515
tt1558877	casting_department	nm4703838
tt1558877	music_department	nm2978896
tt1558877	production_companies	co0290969
tt1558877	distributors	co0130609
tt1558877	distributors	co0404132
tt1558877	distributors	co0759795
tt1558947	cast	nm3712726
tt1558947	cast	nm0330722
tt1558947	cast	nm1653372
tt1558947	cast	nm3737569
tt1558947	cast	nm3736454
tt1558947	directors	nm6789761
tt1558947	writers	nm6789761
tt1558947	writers	nm3737682
tt1558947	producers	nm6789761
tt1558947	producers	nm3736790
tt1558947	producers	nm3737682
tt1558949	cast	nm5202185
tt1558949	directors	nm5202185
tt1558949	producers	nm3720796
tt1558949	producers	nm5202185
tt1558949	cinematographers	nm3720796
tt1558952	cast	nm3031220
tt1558952	cast	nm4527274
tt1558952	cast	nm1417551
tt1558952	cast	nm4527275
tt1558952	cast	nm0507376
tt1558952	directors	nm0625747
tt1558952	writers	nm0625747
tt1558952	producers	nm1496027
tt1558952	producers	nm0342168
tt1558952	producers	nm0391640
tt1558952	producers	nm0428664
tt1558952	producers	nm0625747
tt1558952	editors	nm0259854
tt1558952	editors	nm0876689
tt1558952	editorial_department	nm0509436
tt1558952	editorial_department	nm1912004
tt1558952	sound_department	nm0187866
tt1558952	sound_department	nm3439494
tt1558952	sound_department	nm0610148
tt1558952	sound_department	nm0808370
tt1558952	production_companies	co0394999
tt1558952	distributors	co0036565
tt1558952	distributors	co0013526
tt1558959	cast	nm3775814
tt1558959	cast	nm3129928
tt1558959	cast	nm3775311
tt1558959	cast	nm3775978
tt1558959	cast	nm1864728
tt1558959	directors	nm3712790
tt1558959	writers	nm3712790
tt1558959	writers	nm3712790
tt1558959	producers	nm3712790
tt1558959	producers	nm3776561
tt1558959	producers	nm3021272
tt1558959	composers	nm3775175
tt1558959	editors	nm3712790
tt1558959	art_directors	nm3789395
tt1558959	make_up_department	nm3712790
tt1558959	sound_department	nm3753225
tt1558959	sound_department	nm3712790
tt1558959	sound_department	nm3782403
tt1558959	sound_department	nm3789107
tt1558959	special_effects	nm3712790
tt1558959	visual_effects	nm3712790
tt1558959	stunts	nm0022140
tt1558959	stunts	nm3775829
tt1558959	stunts	nm3789777
tt1558959	stunts	nm1892904
tt1558959	stunts	nm3775814
tt1558959	camera_department	nm2812652
tt1558959	camera_department	nm3712790
tt1558959	casting_department	nm3712790
tt1558959	costume_departmen	nm3712790
tt1558959	transportation_department	nm3712790
tt1558959	transportation_department	nm3775448
tt1558959	transportation_department	nm3129928
tt1558972	cast	nm3739031
tt1558972	cast	nm3712747
tt1558972	cast	nm3740761
tt1558972	cast	nm4470589
tt1558972	cast	nm3739332
tt1558972	directors	nm0373698
tt1558972	directors	nm0672060
tt1558972	producers	nm2917669
tt1558972	producers	nm3712387
tt1558972	producers	nm0672061
tt1558972	producers	nm3722031
tt1558972	producers	nm3715503
tt1558972	cinematographers	nm0373698
tt1558972	cinematographers	nm0672060
tt1558972	editors	nm0373698
tt1558972	editors	nm0672060
tt1558972	editorial_department	nm1834749
tt1558972	editorial_department	nm3897076
tt1558972	editorial_department	nm0900154
tt1558972	sound_department	nm0298845
tt1558972	camera_department	nm0221447
tt1558972	camera_department	nm0672060
tt1558972	production_companies	co0026486
tt1558972	production_companies	co0043107
tt1558972	production_companies	co0018439
tt1558972	distributors	co0002318
tt1558972	distributors	co0002318
tt1558972	distributors	co0136706
tt1558972	distributors	co0220024
tt1558972	distributors	co0189845
tt1558973	directors	nm3696490
tt1558973	producers	nm3722231
tt1558973	producers	nm4000176
tt1558973	producers	nm3712348
tt1558973	producers	nm3712713
tt1558973	composers	nm3720912
tt1558973	composers	nm2172153
tt1558973	cinematographers	nm2385823
tt1558973	cinematographers	nm3031957
tt1558973	editors	nm0130858
tt1558973	editors	nm2121787
tt1558973	editors	nm2419254
tt1558973	assistant_directors	nm4000176
tt1558973	camera_department	nm1953392
tt1558973	camera_department	nm4000176
tt1558973	camera_department	nm3696490
tt1558973	camera_department	nm7246788
tt1558973	production_companies	co0290974
tt1558973	production_companies	co0620503
tt1558973	production_companies	co0484677
tt1558973	distributors	co0290994
tt1558985	cast	nm3712638
tt1558985	cast	nm3712286
tt1558985	cast	nm3725133
tt1558985	cast	nm3716164
tt1558985	cast	nm3724865
tt1558985	directors	nm3721073
tt1558985	directors	nm3712789
tt1558985	writers	nm3721073
tt1558985	writers	nm3771070
tt1558985	producers	nm3771070
tt1558985	cinematographers	nm3721073
tt1558985	cinematographers	nm3724131
tt1558985	cinematographers	nm3716065
tt1558985	editors	nm1585860
tt1558985	editorial_department	nm3724592
tt1558985	casting_directors	nm3712789
tt1558985	art_directors	nm3721847
tt1558985	art_department	nm0562392
tt1558985	sound_department	nm3721073
tt1558985	sound_department	nm3723248
tt1558985	special_effects	nm3721073
tt1558985	visual_effects	nm3721073
tt1558985	costume_departmen	nm3715693
tt1558985	location_management	nm3725094
tt1558986	cast	nm3737325
tt1558986	cast	nm3737235
tt1558986	cast	nm12442935
tt1558986	cast	nm3738199
tt1558986	cast	nm2714161
tt1558986	directors	nm0576056
tt1558986	writers	nm0576056
tt1558986	producers	nm0576056
tt1558986	composers	nm3737892
tt1558986	cinematographers	nm0576056
tt1558986	editors	nm0576056
tt1558986	assistant_directors	nm4171604
tt1558986	production_companies	co0290938
tt1558986	distributors	co0290938
tt1558988	cast	nm0295207
tt1558988	cast	nm1216327
tt1558988	cast	nm1584087
tt1558988	cast	nm3453330
tt1558988	cast	nm3712637
tt1558988	directors	nm3736418
tt1558988	writers	nm3736418
tt1558988	producers	nm3712642
tt1558988	producers	nm3738183
tt1558988	producers	nm2151141
tt1558988	producers	nm3736418
tt1558988	composers	nm3712314
tt1558988	cinematographers	nm3736418
tt1558988	editors	nm3736418
tt1558988	make_up_department	nm2238855
tt1558988	make_up_department	nm3738125
tt1558988	art_department	nm3737821
tt1558988	art_department	nm3712642
tt1558988	art_department	nm2151141
tt1558988	art_department	nm3736205
tt1558988	art_department	nm3737445
tt1558988	sound_department	nm3714891
tt1558988	sound_department	nm1084096
tt1558988	sound_department	nm3712452
tt1558988	sound_department	nm2288168
tt1558988	sound_department	nm3736418
tt1558988	camera_department	nm2151141
tt1558988	camera_department	nm1403578
tt1558988	costume_departmen	nm3712345
tt1558988	music_department	nm8051735
tt1558988	music_department	nm3712600
tt1558988	music_department	nm1109444
tt1558988	music_department	nm3414056
tt1558988	music_department	nm3736320
tt1558989	cast	nm1678610
tt1558989	cast	nm3720956
tt1558989	cast	nm10417399
tt1558989	cast	nm6772746
tt1558989	cast	nm4195852
tt1558989	directors	nm3231689
tt1558989	writers	nm3231689
tt1558989	producers	nm3875855
tt1558989	producers	nm3877231
tt1558989	producers	nm2225247
tt1558989	producers	nm3231689
tt1558989	producers	nm3236340
tt1558989	composers	nm3315742
tt1558989	cinematographers	nm2594985
tt1558989	editors	nm2888175
tt1558989	production_designers	nm1693868
tt1558989	art_directors	nm3509588
tt1558989	set_decorators	nm1693868
tt1558989	assistant_directors	nm1836155
tt1558989	sound_department	nm2044540
tt1558989	sound_department	nm2447543
tt1558989	special_effects	nm4459128
tt1558989	visual_effects	nm3721514
tt1558989	camera_department	nm3712597
tt1558989	camera_department	nm1900046
tt1558989	camera_department	nm1873815
tt1558989	casting_department	nm1965380
tt1558991	cast	nm3722220
tt1558991	cast	nm2675548
tt1558991	directors	nm0308497
tt1558991	cinematographers	nm0014878
tt1558991	production_companies	co0290936
tt1558991	distributors	co0015334
tt1558994	cast	nm1934093
tt1558994	cast	nm1839174
tt1558994	cast	nm4273209
tt1558994	cast	nm4273954
tt1558994	cast	nm3722146
tt1558994	directors	nm3722429
tt1558994	writers	nm3722146
tt1558994	writers	nm3712684
tt1558994	writers	nm3722429
tt1558994	producers	nm0559203
tt1558994	producers	nm3712684
tt1558994	producers	nm3722429
tt1558994	composers	nm3722429
tt1558994	editors	nm3722429
tt1558994	make_up_department	nm3712376
tt1558994	make_up_department	nm3712684
tt1558994	sound_department	nm3722146
tt1558994	sound_department	nm3712684
tt1558994	sound_department	nm3722429
tt1558994	visual_effects	nm3722429
tt1558994	camera_department	nm3712707
tt1558994	camera_department	nm3712704
tt1558994	camera_department	nm3722429
tt1558994	costume_departmen	nm3712684
tt1558994	production_companies	co0024296
tt1558994	production_companies	co0194930
tt1558994	distributors	co0220024
tt1558995	cast	nm3826605
tt1558995	cast	nm3831254
tt1558995	cast	nm3830572
tt1558995	cast	nm3826700
tt1558995	cast	nm3825951
tt1558995	directors	nm3722046
tt1558995	writers	nm3722046
tt1558995	producers	nm3722046
tt1558995	cinematographers	nm3721243
tt1558995	cinematographers	nm3722046
tt1558995	editors	nm3722046
tt1558995	sound_department	nm4013089
tt1558995	sound_department	nm3831575
tt1558995	sound_department	nm3722046
tt1558995	special_effects	nm3722046
tt1558995	visual_effects	nm3722046
tt1558995	camera_department	nm4124161
tt1558995	camera_department	nm3722046
tt1558995	music_department	nm4013089
tt1559007	cast	nm3690698
tt1559007	cast	nm3714728
tt1559007	cast	nm3663172
tt1559007	cast	nm2100778
tt1559007	cast	nm3236022
tt1559007	directors	nm2566383
tt1559007	writers	nm2566383
tt1559007	producers	nm3712363
tt1559007	producers	nm3690698
tt1559007	producers	nm3725037
tt1559007	producers	nm2566383
tt1559007	composers	nm3688216
tt1559007	cinematographers	nm2566383
tt1559007	cinematographers	nm2795156
tt1559007	editors	nm3690850
tt1559007	editors	nm2566383
tt1559007	casting_directors	nm2566383
tt1559007	assistant_directors	nm2100778
tt1559007	sound_department	nm3728526
tt1559007	sound_department	nm3688216
tt1559007	special_effects	nm2566383
tt1559007	camera_department	nm2100778
tt1559007	camera_department	nm3723789
tt1559007	camera_department	nm2795156
tt1559007	production_companies	co0285764
tt1559007	production_companies	co0137590
tt1559007	distributors	co0285764
tt1559008	cast	nm0013133
tt1559008	cast	nm3308718
tt1559008	cast	nm1045037
tt1559008	cast	nm0192054
tt1559008	cast	nm0246032
tt1559008	directors	nm0344319
tt1559008	writers	nm0344319
tt1559008	writers	nm0647140
tt1559008	producers	nm1883401
tt1559008	producers	nm0169000
tt1559008	producers	nm0292205
tt1559008	producers	nm0344319
tt1559008	producers	nm0759799
tt1559008	cinematographers	nm0130300
tt1559008	editors	nm0673399
tt1559008	editors	nm0851707
tt1559008	editorial_department	nm0235700
tt1559008	production_companies	co0041824
tt1559008	distributors	co0290941
tt1559008	distributors	co0039462
tt1559009	cast	nm3736254
tt1559009	cast	nm3713149
tt1559009	cast	nm3738212
tt1559009	cast	nm3736654
tt1559009	cast	nm3712667
tt1559009	directors	nm3712740
tt1559009	writers	nm3712740
tt1559009	producers	nm3712740
tt1559009	composers	nm3712645
tt1559009	cinematographers	nm3712374
tt1559009	editors	nm2035930
tt1559009	editors	nm1838077
tt1559009	editors	nm3712374
tt1559009	editors	nm3737294
tt1559011	cast	nm0001813
tt1559011	cast	nm0000739
tt1559011	cast	nm0323174
tt1559011	cast	nm0005389
tt1559011	cast	nm2355853
tt1559011	directors	nm3722312
tt1559011	directors	nm3673628
tt1559011	writers	nm3722312
tt1559011	writers	nm3673628
tt1559011	producers	nm3722312
tt1559011	producers	nm3673628
tt1559011	composers	nm2092396
tt1559011	cinematographers	nm0184472
tt1559011	cinematographers	nm3722330
tt1559011	cinematographers	nm1107741
tt1559011	editors	nm1793259
tt1559011	editorial_department	nm3712305
tt1559011	editorial_department	nm0184472
tt1559011	camera_department	nm3722340
tt1559011	camera_department	nm0100506
tt1559011	camera_department	nm3748870
tt1559011	camera_department	nm1570874
tt1559011	camera_department	nm4556946
tt1559011	music_department	nm3722670
tt1559011	music_department	nm3202631
tt1559011	music_department	nm3712558
tt1559011	production_companies	co0287987
tt15590154	cast	nm12751887
tt15590154	cast	nm9079511
tt15590154	cast	nm13011823
tt15590154	cast	nm13011821
tt15590154	cast	nm12069162
tt15590154	directors	nm6483649
tt15590154	writers	nm9555907
tt15590154	producers	nm9555907
tt15590154	cinematographers	nm5072838
tt15590154	editors	nm5072838
tt15590154	casting_directors	nm8977962
tt15590154	sound_department	nm5723418
tt15590154	production_companies	co0878960
tt15590154	production_companies	co0246317
tt1559016	cast	nm3712761
tt1559016	cast	nm2364476
tt1559016	cast	nm3418452
tt1559016	cast	nm3418137
tt1559016	cast	nm3418167
tt1559016	directors	nm3418137
tt1559016	writers	nm3418452
tt1559016	writers	nm3418137
tt1559016	producers	nm3418452
tt1559016	producers	nm3418137
tt1559016	editors	nm3246308
tt1559016	editors	nm3418452
tt1559016	editors	nm3418137
tt1559016	sound_department	nm3418452
tt1559016	sound_department	nm3418137
tt1559016	sound_department	nm3418167
tt1559016	visual_effects	nm3246308
tt1559016	camera_department	nm3418452
tt1559016	camera_department	nm3418137
tt1559016	camera_department	nm2250702
tt1559017	cast	nm2374864
tt1559017	cast	nm1928490
tt1559017	cast	nm1452245
tt1559017	cast	nm1218766
tt1559017	cast	nm3725100
tt1559017	directors	nm3720918
tt1559017	writers	nm3720918
tt1559017	producers	nm3720918
tt1559017	producers	nm3724976
tt1559017	producers	nm3716075
tt1559017	composers	nm3723948
tt1559017	cinematographers	nm2532916
tt1559017	editors	nm3722679
tt1559017	editorial_department	nm2475906
tt1559017	assistant_directors	nm3217070
tt1559017	sound_department	nm3722679
tt1559017	sound_department	nm2759997
tt1559017	sound_department	nm3723619
tt1559017	sound_department	nm3554752
tt1559017	camera_department	nm3003905
tt1559017	camera_department	nm3020543
tt1559017	music_department	nm3723948
tt1559017	production_companies	co0291583
tt1559020	cast	nm7301871
tt1559020	cast	nm7301872
tt1559020	cast	nm7301873
tt1559020	cast	nm7301874
tt1559020	cast	nm0565805
tt1559020	directors	nm1096104
tt1559020	writers	nm2290485
tt1559020	producers	nm1096104
tt1559020	composers	nm1135742
tt1559020	composers	nm1138489
tt1559020	cinematographers	nm1096104
tt1559020	editors	nm0138429
tt1559020	camera_department	nm3705088
tt1559020	production_companies	co0291060
tt1559020	distributors	co0142963
tt15590212	cast	nm13274597
tt15590212	cast	nm13274589
tt15590212	cast	nm13274588
tt15590212	cast	nm13274587
tt15590212	cast	nm13274584
tt15590212	directors	nm1863169
tt15590212	writers	nm1863169
tt15590212	cinematographers	nm0576895
tt15590212	editors	nm0737988
tt15590212	editorial_department	nm13274599
tt15590212	production_managers	nm4587961
tt15590212	production_managers	nm7614351
tt15590212	sound_department	nm1308710
tt15590212	sound_department	nm3466697
tt15590212	sound_department	nm0954332
tt15590212	production_companies	co0884939
tt1559021	cast	nm3712631
tt1559021	directors	nm2261173
tt1559021	directors	nm3712631
tt1559021	writers	nm2261173
tt1559021	writers	nm3712631
tt1559021	producers	nm2261173
tt1559021	producers	nm3712631
tt1559021	producers	nm0252952
tt1559021	producers	nm3738261
tt1559021	composers	nm0400367
tt1559021	editors	nm3734267
tt1559021	art_directors	nm3119898
tt1559021	production_managers	nm3736345
tt1559021	production_managers	nm3712631
tt1559021	production_managers	nm0257055
tt1559021	sound_department	nm0400367
tt1559021	sound_department	nm4008898
tt1559021	sound_department	nm0759044
tt1559021	sound_department	nm0876935
tt1559021	special_effects	nm3119898
tt1559021	visual_effects	nm3119898
tt1559021	camera_department	nm2421679
tt1559021	camera_department	nm3712631
tt1559021	camera_department	nm2796524
tt1559021	camera_department	nm2570158
tt1559021	camera_department	nm3738261
tt1559021	music_department	nm5835139
tt1559021	production_companies	co0014769
tt1559021	production_companies	co0290920
tt1559021	distributors	co0212599
tt1559024	directors	nm3738232
tt1559024	writers	nm4162211
tt1559024	writers	nm3738232
tt1559024	producers	nm3108558
tt1559024	producers	nm4162211
tt1559024	producers	nm3738232
tt1559027	cast	nm2947657
tt1559027	cast	nm3710695
tt1559027	cast	nm0879196
tt1559027	cast	nm0024521
tt1559027	cast	nm1618262
tt1559027	directors	nm0024521
tt1559027	writers	nm0024521
tt1559027	producers	nm0024521
tt1559027	producers	nm3914700
tt1559027	producers	nm3941639
tt1559027	producers	nm3914810
tt1559027	producers	nm3924903
tt1559027	composers	nm2034857
tt1559027	composers	nm2947657
tt1559027	composers	nm1756559
tt1559027	cinematographers	nm2747697
tt1559027	editors	nm0024521
tt1559027	sound_department	nm0213255
tt1559027	production_companies	co0038293
tt1559027	distributors	co0020742
tt1559027	distributors	co0019518
tt1559028	writers	nm0450797
tt1559028	producers	nm2611223
tt1559028	producers	nm2126907
tt1559028	art_department	nm1437604
tt1559028	production_companies	co0494549
tt1559029	cast	nm1694149
tt1559029	cast	nm0121416
tt1559029	cast	nm2704196
tt1559029	cast	nm3390949
tt1559029	directors	nm2353267
tt1559029	writers	nm0121416
tt1559029	writers	nm2353267
tt1559029	producers	nm2353267
tt1559029	producers	nm2080403
tt1559029	producers	nm3323265
tt1559029	cinematographers	nm3509075
tt1559029	editors	nm3721333
tt1559029	sound_department	nm2296910
tt1559029	production_companies	co0270917
tt1559033	cast	nm2055792
tt1559033	cast	nm2811944
tt1559033	cast	nm0917347
tt1559033	cast	nm3284401
tt1559033	cast	nm1890824
tt1559033	directors	nm2393910
tt1559033	writers	nm2085848
tt1559033	producers	nm0117022
tt1559033	producers	nm3179988
tt1559033	producers	nm3180840
tt1559033	producers	nm0586942
tt1559033	producers	nm1762143
tt1559033	composers	nm1640468
tt1559033	cinematographers	nm2392490
tt1559033	editors	nm0354327
tt1559033	editorial_department	nm1453548
tt1559033	editorial_department	nm3003300
tt1559033	editorial_department	nm2526061
tt1559033	editorial_department	nm2742063
tt1559033	editorial_department	nm3382208
tt1559033	casting_directors	nm0429300
tt1559033	casting_directors	nm0495194
tt1559033	casting_directors	nm0856247
tt1559033	production_designers	nm0594819
tt1559033	art_directors	nm0594819
tt1559033	set_decorators	nm0664559
tt1559033	costume_designers	nm1350168
tt1559033	make_up_department	nm2480380
tt1559033	make_up_department	nm0404811
tt1559033	make_up_department	nm0412116
tt1559033	make_up_department	nm1684513
tt1559033	make_up_department	nm2390314
tt1559033	production_managers	nm2448851
tt1559033	production_managers	nm1786345
tt1559033	production_managers	nm1826579
tt1559033	production_managers	nm0669322
tt1559033	assistant_directors	nm1330389
tt1559033	assistant_directors	nm6406716
tt1559033	assistant_directors	nm3034066
tt1559033	art_department	nm2722475
tt1559033	art_department	nm2885285
tt1559033	art_department	nm1786194
tt1559033	art_department	nm2170787
tt1559033	art_department	nm1786206
tt1559033	sound_department	nm3118432
tt1559033	sound_department	nm0314852
tt1559033	sound_department	nm2812510
tt1559033	sound_department	nm0428101
tt1559033	sound_department	nm0429217
tt1559033	special_effects	nm2021799
tt1559033	special_effects	nm1641598
tt1559033	special_effects	nm1786598
tt1559033	special_effects	nm2024621
tt1559033	special_effects	nm2734038
tt1559033	visual_effects	nm6580735
tt1559033	visual_effects	nm6580736
tt1559033	visual_effects	nm3201757
tt1559033	visual_effects	nm3922978
tt1559033	visual_effects	nm3168275
tt1559033	stunts	nm1282392
tt1559033	stunts	nm2467820
tt1559033	stunts	nm2162079
tt1559033	stunts	nm1520855
tt1559033	stunts	nm1242406
tt1559033	camera_department	nm1075834
tt1559033	camera_department	nm2510936
tt1559033	camera_department	nm6580729
tt1559033	camera_department	nm1378785
tt1559033	camera_department	nm1263081
tt1559033	casting_department	nm1157296
tt1559033	casting_department	nm1983558
tt1559033	casting_department	nm0821988
tt1559033	casting_department	nm3031419
tt1559033	costume_departmen	nm2156853
tt1559033	costume_departmen	nm1351934
tt1559033	costume_departmen	nm4859881
tt1559033	costume_departmen	nm2859509
tt1559033	location_management	nm1152382
tt1559033	location_management	nm2870700
tt1559033	location_management	nm2534465
tt1559033	music_department	nm1524187
tt1559033	script_department	nm1412961
tt1559033	script_department	nm3048977
tt1559033	transportation_department	nm1786654
tt1559033	transportation_department	nm3152274
tt1559033	transportation_department	nm2163157
tt1559033	transportation_department	nm2885388
tt1559033	transportation_department	nm6580733
tt1559033	production_companies	co0166161
tt1559033	production_companies	co0251623
tt1559033	production_companies	co0180606
tt1559033	production_companies	co0070608
tt1559033	distributors	co0166161
tt1559033	distributors	co0610887
tt1559033	distributors	co0610887
tt1559033	distributors	co0313320
tt1559033	distributors	co0250137
tt1559034	directors	nm0871708
tt1559034	producers	nm1352036
tt1559034	producers	nm0871708
tt1559034	editors	nm3712301
tt1559034	editors	nm0549778
tt1559034	sound_department	nm0559253
tt1559034	production_companies	co0048117
tt1559034	production_companies	co0207915
tt1559034	production_companies	co0010977
tt1559034	production_companies	co0013526
tt1559034	production_companies	co0098670
tt1559035	cast	nm3159020
tt1559035	cast	nm0592993
tt1559035	cast	nm0001644
tt1559035	cast	nm3715507
tt1559035	cast	nm3737941
tt1559035	directors	nm1995556
tt1559035	writers	nm1995556
tt1559035	producers	nm0116265
tt1559035	producers	nm2178128
tt1559035	producers	nm3715507
tt1559035	producers	nm0690054
tt1559035	producers	nm1995556
tt1559035	composers	nm1950472
tt1559035	cinematographers	nm1462738
tt1559035	editors	nm0113084
tt1559035	editorial_department	nm3167618
tt1559035	editorial_department	nm2166897
tt1559035	editorial_department	nm2011594
tt1559035	editorial_department	nm3220964
tt1559035	casting_directors	nm0690054
tt1559035	art_directors	nm0311345
tt1559035	set_decorators	nm3727567
tt1559035	costume_designers	nm3594209
tt1559035	make_up_department	nm1444931
tt1559035	make_up_department	nm3336317
tt1559035	make_up_department	nm2190174
tt1559035	production_managers	nm3226859
tt1559035	production_managers	nm0116265
tt1559035	production_managers	nm3293327
tt1559035	production_managers	nm3789768
tt1559035	assistant_directors	nm3225824
tt1559035	assistant_directors	nm2755172
tt1559035	assistant_directors	nm2812135
tt1559035	assistant_directors	nm2608848
tt1559035	art_department	nm3076966
tt1559035	art_department	nm3727553
tt1559035	art_department	nm0179607
tt1559035	art_department	nm3727472
tt1559035	art_department	nm3727543
tt1559035	sound_department	nm2793437
tt1559035	sound_department	nm3129700
tt1559035	sound_department	nm2765388
tt1559035	sound_department	nm0434834
tt1559035	sound_department	nm1297696
tt1559035	special_effects	nm13266120
tt1559035	camera_department	nm2826152
tt1559035	camera_department	nm3656463
tt1559035	camera_department	nm1462738
tt1559035	camera_department	nm2203886
tt1559035	camera_department	nm0143731
tt1559035	costume_departmen	nm3123166
tt1559035	location_management	nm2153029
tt1559035	music_department	nm5840508
tt1559035	script_department	nm1384702
tt1559035	script_department	nm2373132
tt1559035	production_companies	co0297873
tt1559035	production_companies	co0250359
tt1559035	production_companies	co0291249
tt1559035	production_companies	co0291260
tt1559035	distributors	co0285615
